2.820816 0.020222 0.002834
4.836656 0.020830 0.002845
6.225959 0.021476 0.002853
7.469888 0.022135 0.002856
8.702316 0.022810 0.002858
9.982861 0.023491 0.002859
11.277726 0.024192 0.002860
12.543658 0.024919 0.002860
13.841628 0.025652 0.002858
15.111534 0.026404 0.002854
16.435075 0.027165 0.002849
17.678577 0.027934 0.002844
19.023274 0.028717 0.002838
20.317183 0.029512 0.002831
21.566698 0.030310 0.002824
22.859530 0.031116 0.002817
24.123559 0.031915 0.002811
25.403266 0.032711 0.002806
26.656554 0.033497 0.002803
27.916374 0.034276 0.002801
29.211415 0.035046 0.002802
30.481649 0.035793 0.002803
31.727108 0.036522 0.002806
32.995931 0.037245 0.002812
34.363717 0.037958 0.002817
35.610270 0.038681 0.002824
36.840089 0.039408 0.002834
38.095701 0.040114 0.002845
39.372268 0.040784 0.002852
40.645718 0.041417 0.002863
41.894373 0.042044 0.002876
43.165345 0.042675 0.002887
44.410263 0.043299 0.002899
45.670500 0.043925 0.002910
46.916165 0.044540 0.002923
48.168327 0.045151 0.002936
49.447545 0.045769 0.002953
50.671419 0.046399 0.002971
51.989952 0.047036 0.002988
53.250124 0.047671 0.003007
54.496009 0.048309 0.003027
55.696478 0.048966 0.003048
56.913395 0.049613 0.003069
58.178308 0.050264 0.003091
59.427438 0.050926 0.003115
60.684745 0.051602 0.003141
61.896055 0.052283 0.003169
63.127758 0.052969 0.003200
64.446636 0.053661 0.003235
65.655897 0.054349 0.003275
66.898220 0.055044 0.003317
68.149278 0.055745 0.003362
69.430572 0.056432 0.003410
70.674403 0.057119 0.003462
71.923855 0.057804 0.003514
73.161437 0.058490 0.003568
74.426610 0.059168 0.003622
75.636665 0.059839 0.003680
76.854426 0.060506 0.003738
78.092801 0.061163 0.003796
79.326257 0.061811 0.003854
80.577701 0.062448 0.003911
81.784505 0.063072 0.003966
83.009411 0.063677 0.004021
84.240423 0.064265 0.004072
85.519746 0.064835 0.004121
86.812395 0.065395 0.004166
88.051034 0.065940 0.004207
89.326457 0.066471 0.004246
90.590923 0.066981 0.004281
91.888762 0.067477 0.004312
93.148044 0.067967 0.004341
94.417462 0.068436 0.004367
95.718411 0.068874 0.004388
97.014352 0.069290 0.004407
98.249616 0.069705 0.004424
99.477769 0.070114 0.004436
100.719877 0.070502 0.004442
101.969106 0.070871 0.004445
103.184242 0.071234 0.004441
104.462512 0.071569 0.004434
105.721764 0.071879 0.004425
107.010555 0.072182 0.004413
108.285104 0.072485 0.004398
109.520336 0.072791 0.004380
110.739103 0.073088 0.004357
111.961987 0.073365 0.004332
113.252858 0.073633 0.004306
114.507579 0.073883 0.004279
115.751404 0.074123 0.004250
117.020388 0.074362 0.004221
118.260256 0.074596 0.004193
119.478730 0.074827 0.004169
120.731733 0.075046 0.004148
121.941261 0.075255 0.004131
123.163413 0.075457 0.004116
124.417393 0.075656 0.004105
125.694805 0.075843 0.004099
126.930835 0.076016 0.004098
128.248314 0.076187 0.004102
129.570550 0.076344 0.004113
130.893584 0.076490 0.004129
132.103422 0.076636 0.004151
133.279272 0.076775 0.004178
134.482505 0.076905 0.004210
135.674169 0.077025 0.004247
136.866940 0.077138 0.004289
138.076320 0.077238 0.004332
139.299568 0.077341 0.004380
140.486485 0.077440 0.004430
141.724317 0.077550 0.004483
142.984737 0.077659 0.004537
144.241300 0.077771 0.004590
145.422779 0.077888 0.004644
146.590515 0.078010 0.004697
147.769852 0.078129 0.004747
148.949190 0.078258 0.004794
150.142840 0.078390 0.004838
151.341760 0.078521 0.004879
152.556140 0.078655 0.004916
153.781055 0.078798 0.004950
154.968675 0.078946 0.004979
156.138665 0.079092 0.005006
157.315707 0.079244 0.005031
158.492413 0.079398 0.005053
159.711006 0.079548 0.005071
160.925980 0.079700 0.005089
162.197831 0.079850 0.005108
163.403441 0.080001 0.005128
164.591677 0.080153 0.005151
165.782468 0.080309 0.005176
166.960995 0.080474 0.005205
168.136011 0.080631 0.005237
169.318856 0.080789 0.005275
170.507683 0.080953 0.005318
171.705910 0.081121 0.005369
172.916290 0.081297 0.005427
174.092117 0.081474 0.005491
175.268001 0.081665 0.005564
176.477136 0.081869 0.005644
177.681697 0.082069 0.005732
178.917870 0.082270 0.005827
180.174493 0.082481 0.005927
181.378714 0.082701 0.006034
182.581426 0.082931 0.006147
183.781308 0.083164 0.006264
184.991849 0.083401 0.006386
186.204292 0.083644 0.006510
187.468801 0.083891 0.006636
188.675467 0.084137 0.006763
189.895756 0.084400 0.006890
191.121324 0.084665 0.007017
192.317035 0.084925 0.007142
193.516374 0.085188 0.007266
194.703341 0.085454 0.007387
195.878937 0.085735 0.007501
197.086926 0.086022 0.007610
198.287568 0.086322 0.007715
199.545517 0.086634 0.007811
200.807899 0.086957 0.007901
202.021671 0.087298 0.007983
203.202085 0.087661 0.008057
204.402634 0.088038 0.008122
205.630949 0.088443 0.008178
206.847522 0.088874 0.008226
208.066328 0.089328 0.008264
209.284743 0.089800 0.008292
210.473598 0.090298 0.008312
211.706181 0.090832 0.008322
212.909224 0.091393 0.008325
214.110008 0.091975 0.008319
215.283651 0.092581 0.008306
216.457389 0.093233 0.008287
217.678979 0.093926 0.008265
218.857351 0.094653 0.008239
220.043197 0.095413 0.008210
221.262349 0.096210 0.008178
222.459514 0.097040 0.008145
223.659299 0.097902 0.008111
224.852316 0.098789 0.008075
226.033291 0.099698 0.008039
227.273054 0.100622 0.008005
228.514950 0.101569 0.007975
229.715738 0.102527 0.007946
230.943302 0.103499 0.007919
232.128604 0.104493 0.007895
233.346358 0.105505 0.007875
234.559234 0.106529 0.007858
235.742699 0.107556 0.007844
236.916556 0.108588 0.007834
238.084077 0.109636 0.007826
239.265847 0.110689 0.007820
240.440665 0.111739 0.007817
241.641881 0.112785 0.007816
242.815053 0.113823 0.007816
243.981465 0.114863 0.007816
245.150574 0.115888 0.007814
246.355438 0.116900 0.007811
247.575582 0.117893 0.007806
248.770178 0.118859 0.007797
249.969832 0.119790 0.007786
251.148629 0.120699 0.007770
252.343964 0.121581 0.007750
253.581288 0.122434 0.007723
254.849922 0.123259 0.007690
256.140066 0.124035 0.007654
257.387198 0.124775 0.007610
258.600491 0.125481 0.007561
259.821873 0.126154 0.007509
261.008831 0.126791 0.007451
262.226192 0.127385 0.007387
263.435285 0.127943 0.007319
264.605736 0.128475 0.007248
265.800351 0.128980 0.007176
267.049009 0.129465 0.007102
268.276913 0.129928 0.007027
269.464138 0.130379 0.006949
270.632589 0.130810 0.006873
271.818548 0.131224 0.006796
272.994712 0.131620 0.006720
274.164018 0.131996 0.006644
275.330620 0.132365 0.006567
276.506269 0.132717 0.006490
277.680870 0.133052 0.006412
278.855617 0.133375 0.006332
280.064466 0.133694 0.006253
281.278473 0.134008 0.006174
282.449128 0.134321 0.006094
283.616257 0.134635 0.006014
284.845361 0.134935 0.005934
286.029704 0.135237 0.005852
287.255063 0.135539 0.005767
288.436329 0.135832 0.005680
289.626389 0.136111 0.005594
290.821597 0.136371 0.005507
291.999452 0.136619 0.005419
293.167667 0.136858 0.005329
294.352771 0.137080 0.005237
295.566370 0.137282 0.005146
296.774661 0.137464 0.005055
298.014385 0.137622 0.004963
299.251261 0.137767 0.004874
300.483393 0.137893 0.004786
301.736527 0.138007 0.004696
302.916548 0.138109 0.004611
304.118131 0.138192 0.004529
305.344507 0.138262 0.004449
306.545269 0.138312 0.004371
307.763377 0.138351 0.004295
308.998625 0.138393 0.004223
310.221495 0.138433 0.004156
311.419672 0.138460 0.004093
312.610064 0.138482 0.004035
313.830471 0.138506 0.003982
315.023197 0.138535 0.003937
316.252048 0.138584 0.003897
317.479601 0.138659 0.003864
318.681081 0.138746 0.003836
319.878590 0.138864 0.003817
321.101504 0.139022 0.003807
322.287402 0.139223 0.003805
323.493496 0.139466 0.003813
324.724249 0.139746 0.003827
325.939291 0.140060 0.003848
327.167126 0.140411 0.003875
328.379794 0.140803 0.003909
329.570135 0.141229 0.003949
330.759752 0.141685 0.003992
331.948230 0.142168 0.004041
333.193997 0.142676 0.004093
334.449455 0.143217 0.004150
335.641200 0.143774 0.004210
336.851583 0.144337 0.004271
338.070580 0.144889 0.004332
339.305406 0.145447 0.004393
340.506311 0.145988 0.004455
341.717620 0.146522 0.004515
342.952383 0.147044 0.004572
344.142508 0.147541 0.004627
345.391805 0.148015 0.004680
346.602785 0.148458 0.004729
347.816614 0.148867 0.004774
349.063456 0.149248 0.004814
350.284857 0.149609 0.004846
351.510095 0.149946 0.004873
352.706404 0.150260 0.004896
353.903784 0.150549 0.004914
355.124538 0.150821 0.004928
356.328009 0.151076 0.004935
357.566656 0.151317 0.004938
358.786951 0.151551 0.004939
359.994733 0.151771 0.004934
361.244328 0.151992 0.004926
362.496975 0.152214 0.004917
363.712944 0.152437 0.004904
364.949456 0.152668 0.004889
366.154267 0.152924 0.004875
367.341250 0.153196 0.004861
368.532081 0.153483 0.004848
369.741542 0.153786 0.004835
370.957286 0.154109 0.004822
372.186315 0.154462 0.004806
373.421420 0.154842 0.004792
374.641563 0.155233 0.004778
375.852319 0.155645 0.004762
377.073553 0.156069 0.004746
378.324415 0.156494 0.004730
379.604361 0.156926 0.004713
380.821502 0.157353 0.004693
382.036097 0.157785 0.004671
383.223912 0.158218 0.004647
384.435533 0.158646 0.004622
385.667424 0.159071 0.004596
386.895003 0.159482 0.004570
388.135959 0.159877 0.004542
389.389793 0.160259 0.004514
390.639312 0.160616 0.004486
391.839306 0.160957 0.004457
393.023787 0.161277 0.004426
394.217881 0.161580 0.004394
395.451966 0.161853 0.004364
396.673322 0.162103 0.004334
397.890325 0.162336 0.004305
399.097879 0.162553 0.004278
400.321569 0.162737 0.004252
401.569961 0.162908 0.004229
402.797442 0.163055 0.004210
404.021642 0.163182 0.004197
405.299441 0.163295 0.004190
406.528679 0.163393 0.004188
407.750577 0.163472 0.004195
408.976443 0.163545 0.004210
410.239905 0.163598 0.004234
411.483133 0.163630 0.004264
412.715283 0.163644 0.004303
413.967533 0.163624 0.004348
415.222392 0.163584 0.004402
416.480612 0.163523 0.004462
417.747398 0.163448 0.004530
418.965126 0.163353 0.004604
420.168408 0.163235 0.004684
421.388910 0.163096 0.004771
422.621666 0.162933 0.004862
423.840007 0.162757 0.004958
425.084626 0.162562 0.005057
426.304663 0.162352 0.005156
427.517823 0.162112 0.005257
428.744162 0.161866 0.005361
429.988251 0.161603 0.005465
431.235541 0.161331 0.005567
432.502649 0.161050 0.005669
433.778035 0.160766 0.005771
435.003286 0.160479 0.005868
436.218466 0.160194 0.005966
437.458339 0.159909 0.006061
438.733914 0.159641 0.006154
439.977952 0.159397 0.006244
441.208053 0.159168 0.006336
442.456703 0.158959 0.006425
443.683856 0.158759 0.006513
444.901991 0.158574 0.006601
446.113485 0.158418 0.006691
447.386164 0.158286 0.006782
448.641715 0.158189 0.006874
449.933002 0.158125 0.006969
451.210856 0.158091 0.007066
452.439422 0.158096 0.007165
453.699086 0.158135 0.007267
454.911999 0.158205 0.007371
456.148533 0.158305 0.007481
457.409143 0.158433 0.007592
458.665806 0.158582 0.007706
459.886710 0.158751 0.007824
461.098668 0.158944 0.007944
462.312440 0.159146 0.008064
463.531053 0.159354 0.008184
464.781228 0.159550 0.008301
466.024391 0.159743 0.008416
467.280441 0.159919 0.008529
468.551614 0.160078 0.008637
469.794768 0.160212 0.008739
471.036263 0.160324 0.008836
472.293660 0.160421 0.008928
473.566944 0.160490 0.009013
474.823900 0.160527 0.009089
476.048611 0.160550 0.009158
477.303290 0.160547 0.009218
478.656798 0.160520 0.009269
479.976629 0.160470 0.009307
481.256513 0.160401 0.009334
482.517879 0.160319 0.009349
483.780968 0.160224 0.009352
485.019726 0.160118 0.009346
486.300982 0.160006 0.009329
487.559233 0.159901 0.009305
488.836686 0.159808 0.009274
490.125860 0.159737 0.009234
491.400532 0.159666 0.009187
492.631345 0.159615 0.009135
493.846629 0.159574 0.009080
495.115700 0.159560 0.009023
496.402278 0.159570 0.008964
497.687004 0.159601 0.008906
498.970000 0.159667 0.008849
500.230614 0.159758 0.008793
501.500007 0.159870 0.008742
502.781364 0.160021 0.008695
504.090414 0.160207 0.008651
505.348177 0.160416 0.008609
506.562407 0.160653 0.008574
507.796635 0.160920 0.008543
509.047045 0.161207 0.008515
510.336085 0.161525 0.008493
511.612462 0.161866 0.008476
512.874914 0.162218 0.008459
514.141657 0.162587 0.008444
515.399605 0.162970 0.008431
516.668406 0.163373 0.008421
517.887346 0.163795 0.008412
519.111835 0.164236 0.008403
520.346509 0.164681 0.008393
521.556698 0.165131 0.008381
522.789443 0.165596 0.008367
524.054826 0.166070 0.008352
525.285585 0.166551 0.008337
526.556142 0.167032 0.008320
527.834473 0.167514 0.008302
529.099657 0.167995 0.008279
530.368645 0.168477 0.008255
531.635757 0.168950 0.008228
532.885909 0.169405 0.008199
534.129055 0.169836 0.008167
535.390965 0.170234 0.008129
536.637695 0.170611 0.008088
537.893109 0.170951 0.008043
539.133519 0.171248 0.007992
540.386036 0.171503 0.007934
541.646201 0.171715 0.007871
542.887764 0.171884 0.007803
544.134684 0.172004 0.007730
545.429626 0.172083 0.007654
546.728095 0.172114 0.007572
548.037568 0.172100 0.007486
549.308347 0.172035 0.007395
550.559577 0.171927 0.007302
551.802528 0.171768 0.007208
553.085320 0.171567 0.007115
554.347265 0.171334 0.007022
555.599529 0.171057 0.006931
556.893140 0.170756 0.006845
558.170250 0.170427 0.006762
559.392153 0.170066 0.006687
560.608825 0.169680 0.006618
561.846061 0.169266 0.006557
563.108495 0.168835 0.006506
564.382060 0.168384 0.006465
565.666812 0.167907 0.006435
566.937818 0.167422 0.006416
568.150400 0.166939 0.006408
569.362313 0.166456 0.006411
570.608151 0.165978 0.006424
571.882557 0.165508 0.006448
573.143102 0.165037 0.006480
574.418265 0.164575 0.006520
575.712351 0.164131 0.006570
576.948080 0.163695 0.006626
578.173499 0.163274 0.006690
579.397542 0.162867 0.006758
580.654866 0.162476 0.006831
581.926207 0.162091 0.006905
583.187591 0.161722 0.006981
584.462580 0.161373 0.007060
585.723663 0.161021 0.007138
586.951948 0.160679 0.007213
588.185906 0.160347 0.007285
589.460007 0.160025 0.007353
590.715859 0.159713 0.007418
591.979554 0.159404 0.007478
593.269039 0.159101 0.007533
594.519898 0.158807 0.007583
595.812268 0.158525 0.007627
597.056098 0.158258 0.007666
598.321465 0.158008 0.007701
599.532197 0.157770 0.007730
600.752964 0.157555 0.007754
602.022347 0.157361 0.007774
603.295619 0.157185 0.007791
604.605354 0.157022 0.007806
605.876635 0.156876 0.007817
607.128622 0.156751 0.007824
608.349965 0.156637 0.007829
609.572569 0.156543 0.007832
610.840459 0.156461 0.007833
612.090211 0.156396 0.007833
613.363252 0.156338 0.007832
614.648737 0.156298 0.007831
615.934653 0.156267 0.007827
617.185449 0.156250 0.007826
