x	y	err
2.820816 0.466155 0.120861
4.836656 0.467690 0.118149
6.225959 0.469020 0.115439
7.469888 0.470349 0.112690
8.702316 0.471427 0.109908
9.982861 0.472502 0.107088
11.277726 0.473793 0.104216
12.543658 0.475029 0.101335
13.841628 0.476022 0.098494
15.111534 0.477104 0.095677
16.435075 0.478252 0.092910
17.678577 0.479373 0.090205
19.023274 0.480510 0.087597
20.317183 0.481810 0.085081
21.566698 0.483397 0.082647
22.859530 0.485028 0.080358
24.123559 0.486819 0.078209
25.403266 0.488806 0.076209
26.656554 0.490891 0.074386
27.916374 0.493041 0.072748
29.211415 0.495358 0.071282
30.481649 0.497779 0.070003
31.727108 0.500272 0.068907
32.995931 0.502922 0.067984
34.363717 0.505595 0.067227
35.610270 0.508308 0.066570
36.840089 0.511272 0.065968
38.095701 0.514299 0.065540
39.372268 0.517095 0.064989
40.645718 0.519872 0.064725
41.894373 0.522643 0.064627
43.165345 0.525319 0.064685
44.410263 0.527698 0.064767
45.670500 0.529961 0.064865
46.916165 0.531738 0.064964
48.168327 0.533483 0.065055
49.447545 0.535014 0.065165
50.671419 0.536570 0.065272
51.989952 0.537954 0.065337
53.250124 0.539137 0.065344
54.496009 0.540145 0.065325
55.696478 0.541224 0.065277
56.913395 0.542179 0.065175
58.178308 0.542845 0.065045
59.427438 0.543508 0.064842
60.684745 0.544249 0.064604
61.896055 0.544900 0.064333
63.127758 0.545724 0.063989
64.446636 0.546678 0.063594
65.655897 0.547511 0.063148
66.898220 0.548323 0.062685
68.149278 0.549312 0.062164
69.430572 0.550496 0.061587
70.674403 0.551818 0.060991
71.923855 0.553360 0.060374
73.161437 0.554965 0.059743
74.426610 0.556575 0.059118
75.636665 0.558390 0.058479
76.854426 0.560446 0.057817
78.092801 0.562506 0.057144
79.326257 0.564635 0.056470
80.577701 0.566853 0.055813
81.784505 0.569158 0.055150
83.009411 0.571441 0.054514
84.240423 0.573637 0.053913
85.519746 0.575957 0.053298
86.812395 0.578286 0.052687
88.051034 0.580619 0.052080
89.326457 0.583017 0.051466
90.590923 0.585501 0.050841
91.888762 0.587942 0.050233
93.148044 0.590312 0.049624
94.417462 0.592621 0.049014
95.718411 0.594709 0.048404
97.014352 0.596736 0.047790
98.249616 0.598641 0.047179
99.477769 0.600311 0.046586
100.719877 0.601828 0.046004
101.969106 0.603327 0.045403
103.184242 0.604671 0.044798
104.462512 0.605885 0.044201
105.721764 0.607046 0.043596
107.010555 0.608107 0.042988
108.285104 0.608939 0.042389
109.520336 0.609692 0.041780
110.739103 0.610294 0.041164
111.961987 0.610690 0.040546
113.252858 0.610862 0.039934
114.507579 0.610875 0.039334
115.751404 0.610761 0.038737
117.020388 0.610595 0.038142
118.260256 0.610299 0.037543
119.478730 0.609949 0.036943
120.731733 0.609512 0.036335
121.941261 0.608971 0.035741
123.163413 0.608367 0.035160
124.417393 0.607727 0.034582
125.694805 0.607087 0.034013
126.930835 0.606444 0.033447
128.248314 0.605770 0.032898
129.570550 0.605044 0.032366
130.893584 0.604367 0.031852
132.103422 0.603748 0.031357
133.279272 0.603157 0.030878
134.482505 0.602683 0.030425
135.674169 0.602303 0.029998
136.866940 0.601990 0.029595
138.076320 0.601739 0.029224
139.299568 0.601609 0.028887
140.486485 0.601643 0.028592
141.724317 0.601810 0.028327
142.984737 0.602109 0.028085
144.241300 0.602438 0.027870
145.422779 0.602849 0.027679
146.590515 0.603379 0.027520
147.769852 0.604007 0.027399
148.949190 0.604713 0.027317
150.142840 0.605511 0.027268
151.341760 0.606415 0.027256
152.556140 0.607391 0.027292
153.781055 0.608502 0.027352
154.968675 0.609757 0.027449
156.138665 0.611209 0.027592
157.315707 0.612906 0.027778
158.492413 0.614758 0.027992
159.711006 0.616755 0.028229
160.925980 0.618942 0.028493
162.197831 0.621340 0.028793
163.403441 0.623882 0.029118
164.591677 0.626589 0.029468
165.782468 0.629486 0.029829
166.960995 0.632569 0.030209
168.136011 0.635796 0.030610
169.318856 0.639209 0.031021
170.507683 0.642745 0.031441
171.705910 0.646446 0.031865
172.916290 0.650279 0.032290
174.092117 0.654210 0.032711
175.268001 0.658192 0.033126
176.477136 0.662175 0.033515
177.681697 0.666174 0.033881
178.917870 0.670185 0.034221
180.174493 0.674172 0.034535
181.378714 0.678154 0.034823
182.581426 0.682099 0.035078
183.781308 0.685928 0.035295
184.991849 0.689677 0.035472
186.204292 0.693317 0.035604
187.468801 0.696749 0.035701
188.675467 0.699981 0.035750
189.895756 0.702993 0.035750
191.121324 0.705702 0.035712
192.317035 0.708143 0.035630
193.516374 0.710343 0.035500
194.703341 0.712165 0.035324
195.878937 0.713681 0.035110
197.086926 0.714865 0.034869
198.287568 0.715670 0.034591
199.545517 0.716073 0.034284
200.807899 0.716093 0.033971
202.021671 0.715730 0.033636
203.202085 0.714999 0.033313
204.402634 0.713995 0.033012
205.630949 0.712684 0.032722
206.847522 0.711048 0.032459
208.066328 0.709164 0.032221
209.284743 0.707061 0.032012
210.473598 0.704707 0.031836
211.706181 0.702179 0.031690
212.909224 0.699533 0.031579
214.110008 0.696792 0.031516
215.283651 0.694039 0.031495
216.457389 0.691225 0.031507
217.678979 0.688368 0.031557
218.857351 0.685532 0.031654
220.043197 0.682748 0.031782
221.262349 0.680023 0.031930
222.459514 0.677372 0.032086
223.659299 0.674889 0.032257
224.852316 0.672590 0.032447
226.033291 0.670427 0.032640
227.273054 0.668431 0.032829
228.514950 0.666617 0.033009
229.715738 0.664949 0.033177
230.943302 0.663450 0.033328
232.128604 0.662149 0.033474
233.346358 0.661072 0.033612
234.559234 0.660160 0.033739
235.742699 0.659452 0.033858
236.916556 0.658938 0.033979
238.084077 0.658592 0.034103
239.265847 0.658374 0.034229
240.440665 0.658280 0.034357
241.641881 0.658317 0.034493
242.815053 0.658489 0.034621
243.981465 0.658772 0.034755
245.150574 0.659120 0.034906
246.355438 0.659487 0.035079
247.575582 0.659902 0.035267
248.770178 0.660368 0.035465
249.969832 0.660834 0.035685
251.148629 0.661276 0.035920
252.343964 0.661601 0.036181
253.581288 0.661819 0.036473
254.849922 0.661958 0.036789
256.140066 0.661993 0.037123
257.387198 0.661950 0.037465
258.600491 0.661895 0.037810
259.821873 0.661752 0.038164
261.008831 0.661500 0.038516
262.226192 0.661197 0.038881
263.435285 0.660853 0.039236
264.605736 0.660464 0.039583
265.800351 0.660032 0.039935
267.049009 0.659623 0.040273
268.276913 0.659216 0.040604
269.464138 0.658804 0.040921
270.632589 0.658474 0.041224
271.818548 0.658164 0.041510
272.994712 0.657895 0.041771
274.164018 0.657675 0.042015
275.330620 0.657501 0.042238
276.506269 0.657394 0.042446
277.680870 0.657400 0.042632
278.855617 0.657506 0.042800
280.064466 0.657696 0.042952
281.278473 0.657992 0.043084
282.449128 0.658347 0.043203
283.616257 0.658708 0.043306
284.845361 0.659078 0.043387
286.029704 0.659513 0.043453
287.255063 0.659986 0.043506
288.436329 0.660445 0.043548
289.626389 0.660895 0.043571
290.821597 0.661351 0.043573
291.999452 0.661757 0.043555
293.167667 0.662115 0.043517
294.352771 0.662440 0.043464
295.566370 0.662681 0.043392
296.774661 0.662813 0.043308
298.014385 0.662844 0.043203
299.251261 0.662760 0.043083
300.483393 0.662541 0.042949
301.736527 0.662164 0.042800
302.916548 0.661644 0.042646
304.118131 0.661019 0.042481
305.344507 0.660278 0.042296
306.545269 0.659434 0.042103
307.763377 0.658489 0.041898
308.998625 0.657424 0.041688
310.221495 0.656303 0.041463
311.419672 0.655156 0.041226
312.610064 0.653978 0.040983
313.830471 0.652787 0.040732
315.023197 0.651590 0.040486
316.252048 0.650386 0.040252
317.479601 0.649227 0.040012
318.681081 0.648100 0.039777
319.878590 0.647117 0.039542
321.101504 0.646295 0.039313
322.287402 0.645613 0.039085
323.493496 0.645108 0.038862
324.724249 0.644763 0.038646
325.939291 0.644645 0.038426
327.167126 0.644727 0.038214
328.379794 0.644967 0.038009
329.570135 0.645444 0.037813
330.759752 0.646121 0.037617
331.948230 0.647022 0.037424
333.193997 0.648097 0.037238
334.449455 0.649357 0.037050
335.641200 0.650790 0.036867
336.851583 0.652395 0.036686
338.070580 0.654131 0.036508
339.305406 0.655966 0.036338
340.506311 0.657910 0.036185
341.717620 0.659898 0.036048
342.952383 0.661916 0.035921
344.142508 0.663989 0.035808
345.391805 0.666036 0.035722
346.602785 0.668048 0.035664
347.816614 0.670016 0.035628
349.063456 0.671983 0.035615
350.284857 0.673889 0.035622
351.510095 0.675701 0.035650
352.706404 0.677409 0.035688
353.903784 0.679008 0.035743
355.124538 0.680526 0.035808
356.328009 0.681954 0.035873
357.566656 0.683306 0.035939
358.786951 0.684578 0.036008
359.994733 0.685765 0.036075
361.244328 0.686859 0.036137
362.496975 0.687858 0.036193
363.712944 0.688753 0.036239
364.949456 0.689543 0.036279
366.154267 0.690252 0.036313
367.341250 0.690923 0.036340
368.532081 0.691519 0.036361
369.741542 0.692024 0.036378
370.957286 0.692465 0.036399
372.186315 0.692809 0.036429
373.421420 0.693102 0.036463
374.641563 0.693328 0.036500
375.852319 0.693489 0.036543
377.073553 0.693630 0.036589
378.324415 0.693690 0.036656
379.604361 0.693709 0.036740
380.821502 0.693667 0.036840
382.036097 0.693596 0.036950
383.223912 0.693525 0.037074
384.435533 0.693436 0.037208
385.667424 0.693350 0.037350
386.895003 0.693238 0.037506
388.135959 0.693128 0.037663
389.389793 0.693051 0.037823
390.639312 0.692966 0.037990
391.839306 0.692872 0.038161
393.023787 0.692756 0.038331
394.217881 0.692640 0.038497
395.451966 0.692502 0.038662
396.673322 0.692357 0.038817
397.890325 0.692205 0.038962
399.097879 0.692043 0.039095
400.321569 0.691879 0.039214
401.569961 0.691739 0.039316
402.797442 0.691607 0.039404
404.021642 0.691493 0.039481
405.299441 0.691373 0.039540
406.528679 0.691289 0.039581
407.750577 0.691177 0.039612
408.976443 0.691074 0.039632
410.239905 0.690984 0.039639
411.483133 0.690943 0.039639
412.715283 0.690912 0.039631
413.967533 0.690929 0.039617
415.222392 0.691020 0.039594
416.480612 0.691185 0.039568
417.747398 0.691406 0.039546
418.965126 0.691677 0.039526
420.168408 0.691995 0.039509
421.388910 0.692349 0.039499
422.621666 0.692768 0.039489
423.840007 0.693273 0.039475
425.084626 0.693851 0.039465
426.304663 0.694466 0.039456
427.517823 0.695113 0.039453
428.744162 0.695759 0.039449
429.988251 0.696454 0.039449
431.235541 0.697245 0.039441
432.502649 0.698061 0.039431
433.778035 0.698923 0.039412
435.003286 0.699812 0.039382
436.218466 0.700758 0.039336
437.458339 0.701747 0.039268
438.733914 0.702735 0.039183
439.977952 0.703736 0.039075
441.208053 0.704771 0.038936
442.456703 0.705853 0.038770
443.683856 0.706955 0.038574
444.901991 0.708101 0.038340
446.113485 0.709291 0.038070
447.386164 0.710494 0.037770
448.641715 0.711739 0.037442
449.933002 0.713051 0.037096
451.210856 0.714375 0.036719
452.439422 0.715699 0.036327
453.699086 0.716999 0.035918
454.911999 0.718285 0.035498
456.148533 0.719521 0.035070
457.409143 0.720697 0.034640
458.665806 0.721803 0.034212
459.886710 0.722796 0.033793
461.098668 0.723676 0.033394
462.312440 0.724422 0.033006
463.531053 0.725020 0.032640
464.781228 0.725505 0.032298
466.024391 0.725862 0.031983
467.280441 0.726034 0.031694
468.551614 0.726042 0.031429
469.794768 0.725893 0.031189
471.036263 0.725516 0.030974
472.293660 0.724956 0.030791
473.566944 0.724217 0.030634
474.823900 0.723264 0.030504
476.048611 0.722126 0.030397
477.303290 0.720823 0.030313
478.656798 0.719373 0.030253
479.976629 0.717784 0.030214
481.256513 0.716131 0.030203
482.517879 0.714364 0.030210
483.780968 0.712532 0.030228
485.019726 0.710632 0.030267
486.300982 0.708683 0.030327
487.559233 0.706701 0.030397
488.836686 0.704701 0.030476
490.125860 0.702709 0.030557
491.400532 0.700719 0.030636
492.631345 0.698778 0.030722
493.846629 0.696868 0.030813
495.115700 0.695003 0.030890
496.402278 0.693228 0.030965
497.687004 0.691541 0.031030
498.970000 0.689950 0.031092
500.230614 0.688481 0.031145
501.500007 0.687132 0.031187
502.781364 0.685899 0.031220
504.090414 0.684793 0.031247
505.348177 0.683813 0.031263
506.562407 0.682978 0.031274
507.796635 0.682268 0.031285
509.047045 0.681689 0.031293
510.336085 0.681259 0.031304
511.612462 0.680986 0.031313
512.874914 0.680783 0.031326
514.141657 0.680733 0.031359
515.399605 0.680849 0.031404
516.668406 0.681090 0.031468
517.887346 0.681420 0.031552
519.111835 0.681856 0.031655
520.346509 0.682358 0.031764
521.556698 0.682882 0.031893
522.789443 0.683479 0.032049
524.054826 0.684098 0.032213
525.285585 0.684731 0.032395
526.556142 0.685314 0.032583
527.834473 0.685843 0.032773
529.099657 0.686311 0.032969
530.368645 0.686733 0.033168
531.635757 0.687050 0.033367
532.885909 0.687278 0.033564
534.129055 0.687447 0.033754
535.390965 0.687489 0.033929
536.637695 0.687402 0.034088
537.893109 0.687243 0.034231
539.133519 0.686957 0.034349
540.386036 0.686549 0.034444
541.646201 0.686048 0.034516
542.887764 0.685457 0.034562
544.134684 0.684755 0.034576
545.429626 0.684008 0.034565
546.728095 0.683224 0.034532
548.037568 0.682420 0.034474
549.308347 0.681610 0.034393
550.559577 0.680821 0.034290
551.802528 0.680052 0.034165
553.085320 0.679294 0.034017
554.347265 0.678589 0.033857
555.599529 0.677887 0.033673
556.893140 0.677216 0.033476
558.170250 0.676612 0.033274
559.392153 0.676036 0.033060
560.608825 0.675532 0.032846
561.846061 0.675060 0.032627
563.108495 0.674622 0.032407
564.382060 0.674222 0.032193
565.666812 0.673861 0.031986
566.937818 0.673520 0.031787
568.150400 0.673216 0.031604
569.362313 0.672937 0.031437
570.608151 0.672689 0.031286
571.882557 0.672456 0.031152
573.143102 0.672215 0.031033
574.418265 0.671953 0.030940
575.712351 0.671701 0.030860
576.948080 0.671414 0.030786
578.173499 0.671043 0.030719
579.397542 0.670652 0.030667
580.654866 0.670243 0.030631
581.926207 0.669796 0.030607
583.187591 0.669352 0.030606
584.462580 0.668876 0.030607
585.723663 0.668330 0.030603
586.951948 0.667747 0.030604
588.185906 0.667119 0.030607
589.460007 0.666461 0.030615
590.715859 0.665766 0.030627
591.979554 0.665043 0.030637
593.269039 0.664296 0.030643
594.519898 0.663533 0.030644
595.812268 0.662744 0.030639
597.056098 0.661935 0.030631
598.321465 0.661123 0.030617
599.532197 0.660332 0.030598
600.752964 0.659538 0.030571
602.022347 0.658759 0.030544
603.295619 0.657974 0.030508
604.605354 0.657180 0.030463
605.876635 0.656425 0.030415
607.128622 0.655698 0.030368
608.349965 0.654985 0.030317
609.572569 0.654290 0.030261
610.840459 0.653605 0.030199
612.090211 0.652916 0.030126
