2.820816 0.010999 0.001742
4.836656 0.011448 0.001759
6.225959 0.011920 0.001781
7.469888 0.012415 0.001805
8.702316 0.012930 0.001831
9.982861 0.013469 0.001857
11.277726 0.014050 0.001883
12.543658 0.014656 0.001911
13.841628 0.015280 0.001940
15.111534 0.015936 0.001972
16.435075 0.016627 0.002006
17.678577 0.017345 0.002042
19.023274 0.018084 0.002080
20.317183 0.018851 0.002118
21.566698 0.019647 0.002158
22.859530 0.020463 0.002200
24.123559 0.021303 0.002242
25.403266 0.022169 0.002285
26.656554 0.023046 0.002332
27.916374 0.023934 0.002380
29.211415 0.024832 0.002430
30.481649 0.025736 0.002480
31.727108 0.026644 0.002531
32.995931 0.027552 0.002582
34.363717 0.028452 0.002633
35.610270 0.029368 0.002684
36.840089 0.030294 0.002736
38.095701 0.031200 0.002785
39.372268 0.032082 0.002830
40.645718 0.032938 0.002871
41.894373 0.033777 0.002914
43.165345 0.034584 0.002951
44.410263 0.035365 0.002984
45.670500 0.036130 0.003013
46.916165 0.036867 0.003039
48.168327 0.037582 0.003060
49.447545 0.038263 0.003077
50.671419 0.038929 0.003089
51.989952 0.039597 0.003099
53.250124 0.040261 0.003104
54.496009 0.040902 0.003107
55.696478 0.041518 0.003105
56.913395 0.042126 0.003100
58.178308 0.042724 0.003091
59.427438 0.043319 0.003081
60.684745 0.043909 0.003070
61.896055 0.044493 0.003058
63.127758 0.045083 0.003044
64.446636 0.045682 0.003029
65.655897 0.046287 0.003013
66.898220 0.046904 0.002998
68.149278 0.047527 0.002982
69.430572 0.048165 0.002966
70.674403 0.048821 0.002950
71.923855 0.049498 0.002935
73.161437 0.050189 0.002921
74.426610 0.050883 0.002911
75.636665 0.051598 0.002902
76.854426 0.052338 0.002893
78.092801 0.053086 0.002888
79.326257 0.053845 0.002885
80.577701 0.054618 0.002884
81.784505 0.055412 0.002886
83.009411 0.056214 0.002890
84.240423 0.057024 0.002896
85.519746 0.057841 0.002905
86.812395 0.058661 0.002917
88.051034 0.059486 0.002931
89.326457 0.060325 0.002945
90.590923 0.061173 0.002963
91.888762 0.062023 0.002983
93.148044 0.062872 0.003004
94.417462 0.063714 0.003030
95.718411 0.064546 0.003058
97.014352 0.065376 0.003092
98.249616 0.066191 0.003129
99.477769 0.066985 0.003168
100.719877 0.067766 0.003212
101.969106 0.068536 0.003262
103.184242 0.069273 0.003316
104.462512 0.069976 0.003370
105.721764 0.070656 0.003429
107.010555 0.071306 0.003493
108.285104 0.071914 0.003562
109.520336 0.072495 0.003633
110.739103 0.073042 0.003709
111.961987 0.073562 0.003788
113.252858 0.074041 0.003871
114.507579 0.074480 0.003957
115.751404 0.074895 0.004044
117.020388 0.075297 0.004131
118.260256 0.075673 0.004221
119.478730 0.076018 0.004311
120.731733 0.076343 0.004402
121.941261 0.076640 0.004489
123.163413 0.076916 0.004573
124.417393 0.077171 0.004654
125.694805 0.077404 0.004732
126.930835 0.077615 0.004806
128.248314 0.077803 0.004873
129.570550 0.077966 0.004934
130.893584 0.078117 0.004990
132.103422 0.078256 0.005040
133.279272 0.078383 0.005083
134.482505 0.078495 0.005120
135.674169 0.078593 0.005150
136.866940 0.078684 0.005172
138.076320 0.078762 0.005189
139.299568 0.078829 0.005202
140.486485 0.078895 0.005208
141.724317 0.078961 0.005211
142.984737 0.079028 0.005209
144.241300 0.079090 0.005205
145.422779 0.079154 0.005199
146.590515 0.079233 0.005191
147.769852 0.079332 0.005183
148.949190 0.079451 0.005175
150.142840 0.079582 0.005169
151.341760 0.079734 0.005164
152.556140 0.079914 0.005159
153.781055 0.080126 0.005159
154.968675 0.080369 0.005163
156.138665 0.080652 0.005173
157.315707 0.080975 0.005184
158.492413 0.081331 0.005199
159.711006 0.081726 0.005219
160.925980 0.082158 0.005245
162.197831 0.082627 0.005274
163.403441 0.083131 0.005309
164.591677 0.083674 0.005349
165.782468 0.084242 0.005392
166.960995 0.084835 0.005437
168.136011 0.085452 0.005484
169.318856 0.086095 0.005534
170.507683 0.086768 0.005587
171.705910 0.087484 0.005645
172.916290 0.088210 0.005705
174.092117 0.088952 0.005766
175.268001 0.089697 0.005822
176.477136 0.090444 0.005880
177.681697 0.091207 0.005938
178.917870 0.092004 0.005999
180.174493 0.092815 0.006060
181.378714 0.093627 0.006121
182.581426 0.094449 0.006184
183.781308 0.095274 0.006246
184.991849 0.096101 0.006309
186.204292 0.096950 0.006374
187.468801 0.097807 0.006440
188.675467 0.098664 0.006509
189.895756 0.099517 0.006581
191.121324 0.100359 0.006656
192.317035 0.101193 0.006732
193.516374 0.102010 0.006812
194.703341 0.102809 0.006894
195.878937 0.103585 0.006978
197.086926 0.104326 0.007063
198.287568 0.105032 0.007146
199.545517 0.105696 0.007226
200.807899 0.106306 0.007303
202.021671 0.106862 0.007376
203.202085 0.107358 0.007442
204.402634 0.107794 0.007502
205.630949 0.108168 0.007552
206.847522 0.108475 0.007591
208.066328 0.108716 0.007617
209.284743 0.108898 0.007630
210.473598 0.109028 0.007631
211.706181 0.109110 0.007618
212.909224 0.109143 0.007591
214.110008 0.109146 0.007552
215.283651 0.109130 0.007500
216.457389 0.109098 0.007436
217.678979 0.109062 0.007363
218.857351 0.109028 0.007284
220.043197 0.109020 0.007196
221.262349 0.109039 0.007103
222.459514 0.109097 0.007007
223.659299 0.109208 0.006909
224.852316 0.109369 0.006810
226.033291 0.109591 0.006714
227.273054 0.109865 0.006622
228.514950 0.110205 0.006533
229.715738 0.110597 0.006447
230.943302 0.111031 0.006366
232.128604 0.111503 0.006288
233.346358 0.112041 0.006216
234.559234 0.112627 0.006152
235.742699 0.113256 0.006098
236.916556 0.113920 0.006052
238.084077 0.114592 0.006012
239.265847 0.115262 0.005974
240.440665 0.115936 0.005945
241.641881 0.116611 0.005920
242.815053 0.117277 0.005901
243.981465 0.117922 0.005889
245.150574 0.118547 0.005883
246.355438 0.119130 0.005878
247.575582 0.119682 0.005879
248.770178 0.120208 0.005883
249.969832 0.120706 0.005888
251.148629 0.121171 0.005893
252.343964 0.121603 0.005899
253.581288 0.122005 0.005903
254.849922 0.122373 0.005907
256.140066 0.122712 0.005910
257.387198 0.123028 0.005913
258.600491 0.123326 0.005915
259.821873 0.123601 0.005916
261.008831 0.123857 0.005913
262.226192 0.124091 0.005906
263.435285 0.124320 0.005898
264.605736 0.124548 0.005888
265.800351 0.124764 0.005877
267.049009 0.124972 0.005864
268.276913 0.125184 0.005852
269.464138 0.125406 0.005841
270.632589 0.125641 0.005832
271.818548 0.125888 0.005828
272.994712 0.126153 0.005827
274.164018 0.126440 0.005826
275.330620 0.126759 0.005830
276.506269 0.127108 0.005839
277.680870 0.127492 0.005853
278.855617 0.127912 0.005872
280.064466 0.128354 0.005898
281.278473 0.128843 0.005929
282.449128 0.129371 0.005965
283.616257 0.129933 0.006008
284.845361 0.130527 0.006055
286.029704 0.131155 0.006107
287.255063 0.131822 0.006161
288.436329 0.132516 0.006221
289.626389 0.133243 0.006286
290.821597 0.133998 0.006354
291.999452 0.134758 0.006423
293.167667 0.135518 0.006494
294.352771 0.136287 0.006567
295.566370 0.137047 0.006639
296.774661 0.137792 0.006712
298.014385 0.138531 0.006783
299.251261 0.139242 0.006851
300.483393 0.139928 0.006916
301.736527 0.140582 0.006978
302.916548 0.141201 0.007037
304.118131 0.141790 0.007089
305.344507 0.142336 0.007135
306.545269 0.142834 0.007174
307.763377 0.143294 0.007208
308.998625 0.143703 0.007236
310.221495 0.144072 0.007258
311.419672 0.144404 0.007274
312.610064 0.144697 0.007285
313.830471 0.144953 0.007290
315.023197 0.145176 0.007287
316.252048 0.145356 0.007280
317.479601 0.145507 0.007266
318.681081 0.145626 0.007248
319.878590 0.145727 0.007224
321.101504 0.145821 0.007196
322.287402 0.145895 0.007163
323.493496 0.145956 0.007128
324.724249 0.146006 0.007090
325.939291 0.146061 0.007050
327.167126 0.146127 0.007009
328.379794 0.146196 0.006969
329.570135 0.146271 0.006927
330.759752 0.146355 0.006885
331.948230 0.146459 0.006845
333.193997 0.146581 0.006807
334.449455 0.146725 0.006772
335.641200 0.146880 0.006741
336.851583 0.147062 0.006712
338.070580 0.147275 0.006686
339.305406 0.147522 0.006662
340.506311 0.147793 0.006642
341.717620 0.148077 0.006627
342.952383 0.148383 0.006614
344.142508 0.148713 0.006604
345.391805 0.149061 0.006597
346.602785 0.149426 0.006590
347.816614 0.149794 0.006585
349.063456 0.150165 0.006578
350.284857 0.150539 0.006571
351.510095 0.150919 0.006563
352.706404 0.151315 0.006554
353.903784 0.151714 0.006545
355.124538 0.152110 0.006532
356.328009 0.152518 0.006517
357.566656 0.152920 0.006497
358.786951 0.153310 0.006472
359.994733 0.153690 0.006441
361.244328 0.154051 0.006403
362.496975 0.154395 0.006359
363.712944 0.154720 0.006308
364.949456 0.155029 0.006251
366.154267 0.155328 0.006189
367.341250 0.155610 0.006119
368.532081 0.155870 0.006041
369.741542 0.156114 0.005959
370.957286 0.156339 0.005873
372.186315 0.156538 0.005783
373.421420 0.156727 0.005691
374.641563 0.156910 0.005601
375.852319 0.157104 0.005516
377.073553 0.157304 0.005431
378.324415 0.157507 0.005348
379.604361 0.157721 0.005271
380.821502 0.157952 0.005199
382.036097 0.158195 0.005134
383.223912 0.158466 0.005075
384.435533 0.158763 0.005024
385.667424 0.159090 0.004977
386.895003 0.159442 0.004939
388.135959 0.159819 0.004905
389.389793 0.160227 0.004880
390.639312 0.160662 0.004863
391.839306 0.161128 0.004852
393.023787 0.161612 0.004849
394.217881 0.162110 0.004849
395.451966 0.162617 0.004856
396.673322 0.163141 0.004866
397.890325 0.163661 0.004880
399.097879 0.164170 0.004895
400.321569 0.164666 0.004914
401.569961 0.165165 0.004933
402.797442 0.165649 0.004953
404.021642 0.166110 0.004972
405.299441 0.166549 0.004992
406.528679 0.166972 0.005012
407.750577 0.167361 0.005033
408.976443 0.167728 0.005052
410.239905 0.168084 0.005069
411.483133 0.168414 0.005081
412.715283 0.168713 0.005091
413.967533 0.168984 0.005095
415.222392 0.169244 0.005096
416.480612 0.169493 0.005092
417.747398 0.169727 0.005084
418.965126 0.169953 0.005072
420.168408 0.170180 0.005057
421.388910 0.170402 0.005041
422.621666 0.170616 0.005020
423.840007 0.170826 0.004994
425.084626 0.171038 0.004965
426.304663 0.171239 0.004931
427.517823 0.171433 0.004893
428.744162 0.171629 0.004853
429.988251 0.171822 0.004809
431.235541 0.172020 0.004762
432.502649 0.172223 0.004712
433.778035 0.172429 0.004660
435.003286 0.172630 0.004603
436.218466 0.172831 0.004542
437.458339 0.173021 0.004475
438.733914 0.173220 0.004410
439.977952 0.173416 0.004342
441.208053 0.173611 0.004272
442.456703 0.173810 0.004201
443.683856 0.174023 0.004129
444.901991 0.174243 0.004055
446.113485 0.174469 0.003980
447.386164 0.174700 0.003904
448.641715 0.174940 0.003827
449.933002 0.175192 0.003752
451.210856 0.175455 0.003676
452.439422 0.175737 0.003601
453.699086 0.176022 0.003528
454.911999 0.176326 0.003458
456.148533 0.176644 0.003391
457.409143 0.176974 0.003330
458.665806 0.177315 0.003272
459.886710 0.177665 0.003221
461.098668 0.178022 0.003176
462.312440 0.178382 0.003134
463.531053 0.178744 0.003099
464.781228 0.179117 0.003070
466.024391 0.179497 0.003045
467.280441 0.179877 0.003025
468.551614 0.180253 0.003010
469.794768 0.180623 0.002999
471.036263 0.180968 0.002993
472.293660 0.181280 0.002993
473.566944 0.181572 0.002999
474.823900 0.181854 0.003011
476.048611 0.182106 0.003027
477.303290 0.182319 0.003045
478.656798 0.182500 0.003065
479.976629 0.182655 0.003088
481.256513 0.182779 0.003113
482.517879 0.182865 0.003142
483.780968 0.182925 0.003176
485.019726 0.182965 0.003213
486.300982 0.182977 0.003254
487.559233 0.182949 0.003299
488.836686 0.182895 0.003347
490.125860 0.182819 0.003397
491.400532 0.182717 0.003452
492.631345 0.182600 0.003509
493.846629 0.182461 0.003570
495.115700 0.182311 0.003634
496.402278 0.182159 0.003700
497.687004 0.182005 0.003768
498.970000 0.181857 0.003839
500.230614 0.181728 0.003912
501.500007 0.181611 0.003984
502.781364 0.181513 0.004058
504.090414 0.181440 0.004128
505.348177 0.181384 0.004197
506.562407 0.181354 0.004265
507.796635 0.181349 0.004332
509.047045 0.181367 0.004397
510.336085 0.181418 0.004463
511.612462 0.181509 0.004529
512.874914 0.181638 0.004595
514.141657 0.181807 0.004662
515.399605 0.182011 0.004729
516.668406 0.182260 0.004796
517.887346 0.182540 0.004865
519.111835 0.182861 0.004935
520.346509 0.183228 0.005008
521.556698 0.183630 0.005083
522.789443 0.184066 0.005160
524.054826 0.184537 0.005241
525.285585 0.185043 0.005323
526.556142 0.185574 0.005408
527.834473 0.186140 0.005494
529.099657 0.186731 0.005585
530.368645 0.187357 0.005680
531.635757 0.188013 0.005777
532.885909 0.188704 0.005877
534.129055 0.189424 0.005981
535.390965 0.190163 0.006087
536.637695 0.190906 0.006195
537.893109 0.191650 0.006305
539.133519 0.192404 0.006420
540.386036 0.193149 0.006538
541.646201 0.193876 0.006658
542.887764 0.194586 0.006776
544.134684 0.195273 0.006893
545.429626 0.195939 0.007004
546.728095 0.196574 0.007110
548.037568 0.197163 0.007213
549.308347 0.197712 0.007308
550.559577 0.198228 0.007395
551.802528 0.198702 0.007475
553.085320 0.199136 0.007546
554.347265 0.199537 0.007604
555.599529 0.199894 0.007651
556.893140 0.200213 0.007685
558.170250 0.200498 0.007708
559.392153 0.200757 0.007718
560.608825 0.200998 0.007714
561.846061 0.201216 0.007697
563.108495 0.201419 0.007667
564.382060 0.201614 0.007627
565.666812 0.201809 0.007576
566.937818 0.202009 0.007515
568.150400 0.202220 0.007443
569.362313 0.202439 0.007362
570.608151 0.202672 0.007270
571.882557 0.202921 0.007171
573.143102 0.203175 0.007064
574.418265 0.203421 0.006951
575.712351 0.203654 0.006835
576.948080 0.203879 0.006715
578.173499 0.204099 0.006596
579.397542 0.204313 0.006477
580.654866 0.204520 0.006359
581.926207 0.204705 0.006242
583.187591 0.204864 0.006129
584.462580 0.204997 0.006021
585.723663 0.205110 0.005920
586.951948 0.205191 0.005826
588.185906 0.205237 0.005743
589.460007 0.205246 0.005668
590.715859 0.205211 0.005603
591.979554 0.205140 0.005546
593.269039 0.205028 0.005496
594.519898 0.204879 0.005456
595.812268 0.204697 0.005423
597.056098 0.204489 0.005396
598.321465 0.204259 0.005377
599.532197 0.204010 0.005362
600.752964 0.203744 0.005353
602.022347 0.203461 0.005347
603.295619 0.203178 0.005344
604.605354 0.202892 0.005344
605.876635 0.202599 0.005349
607.128622 0.202312 0.005355
608.349965 0.202025 0.005363
609.572569 0.201750 0.005370
610.840459 0.201494 0.005376
612.090211 0.201247 0.005385
613.363252 0.201011 0.005392
614.648737 0.200796 0.005397
615.934653 0.200592 0.005402
617.185449 0.200399 0.005407
