x	err
2.820816 0.056025
4.836656 0.055214
6.225959 0.054400
7.469888 0.053580
8.702316 0.052757
9.982861 0.051929
11.277726 0.051076
12.543658 0.050212
13.841628 0.049339
15.111534 0.048468
16.435075 0.047604
17.678577 0.046747
19.023274 0.045909
20.317183 0.045087
21.566698 0.044281
22.859530 0.043497
24.123559 0.042728
25.403266 0.041991
26.656554 0.041279
27.916374 0.040598
29.211415 0.039953
30.481649 0.039339
31.727108 0.038739
32.995931 0.038170
34.363717 0.037644
35.610270 0.037108
36.840089 0.036597
38.095701 0.036144
39.372268 0.035743
40.645718 0.035383
41.894373 0.035053
43.165345 0.034772
44.410263 0.034504
45.670500 0.034266
46.916165 0.034047
48.168327 0.033859
49.447545 0.033700
50.671419 0.033568
51.989952 0.033450
53.250124 0.033338
54.496009 0.033231
55.696478 0.033138
56.913395 0.033055
58.178308 0.032974
59.427438 0.032912
60.684745 0.032863
61.896055 0.032817
63.127758 0.032779
64.446636 0.032753
65.655897 0.032740
66.898220 0.032745
68.149278 0.032752
69.430572 0.032770
70.674403 0.032798
71.923855 0.032827
73.161437 0.032859
74.426610 0.032910
75.636665 0.032967
76.854426 0.033017
78.092801 0.033066
79.326257 0.033112
80.577701 0.033156
81.784505 0.033179
83.009411 0.033180
84.240423 0.033176
85.519746 0.033156
86.812395 0.033122
88.051034 0.033061
89.326457 0.032977
90.590923 0.032858
91.888762 0.032705
93.148044 0.032529
94.417462 0.032342
95.718411 0.032112
97.014352 0.031836
98.249616 0.031515
99.477769 0.031171
100.719877 0.030812
101.969106 0.030437
103.184242 0.030040
104.462512 0.029629
105.721764 0.029203
107.010555 0.028791
108.285104 0.028375
109.520336 0.027962
110.739103 0.027583
111.961987 0.027222
113.252858 0.026882
114.507579 0.026579
115.751404 0.026298
117.020388 0.026067
118.260256 0.025875
119.478730 0.025735
120.731733 0.025633
121.941261 0.025586
123.163413 0.025586
124.417393 0.025636
125.694805 0.025716
126.930835 0.025840
128.248314 0.026002
129.570550 0.026205
130.893584 0.026445
132.103422 0.026713
133.279272 0.026998
134.482505 0.027310
135.674169 0.027642
136.866940 0.027970
138.076320 0.028297
139.299568 0.028616
140.486485 0.028906
141.724317 0.029165
142.984737 0.029394
144.241300 0.029595
145.422779 0.029767
146.590515 0.029883
147.769852 0.029940
148.949190 0.029943
150.142840 0.029886
151.341760 0.029779
152.556140 0.029633
153.781055 0.029433
154.968675 0.029188
156.138665 0.028899
157.315707 0.028578
158.492413 0.028233
159.711006 0.027875
160.925980 0.027494
162.197831 0.027089
163.403441 0.026671
164.591677 0.026257
165.782468 0.025844
166.960995 0.025443
168.136011 0.025037
169.318856 0.024640
170.507683 0.024247
171.705910 0.023842
172.916290 0.023457
174.092117 0.023077
175.268001 0.022698
176.477136 0.022337
177.681697 0.021973
178.917870 0.021615
180.174493 0.021261
181.378714 0.020910
182.581426 0.020560
183.781308 0.020222
184.991849 0.019890
186.204292 0.019582
187.468801 0.019278
188.675467 0.018985
189.895756 0.018707
191.121324 0.018438
192.317035 0.018182
193.516374 0.017941
194.703341 0.017710
195.878937 0.017492
197.086926 0.017299
198.287568 0.017117
199.545517 0.016954
200.807899 0.016808
202.021671 0.016683
203.202085 0.016571
204.402634 0.016485
205.630949 0.016428
206.847522 0.016391
208.066328 0.016392
209.284743 0.016419
210.473598 0.016480
211.706181 0.016569
212.909224 0.016670
214.110008 0.016807
215.283651 0.016967
216.457389 0.017154
217.678979 0.017366
218.857351 0.017594
220.043197 0.017838
221.262349 0.018096
222.459514 0.018369
223.659299 0.018661
224.852316 0.018967
226.033291 0.019290
227.273054 0.019610
228.514950 0.019930
229.715738 0.020246
230.943302 0.020550
232.128604 0.020838
233.346358 0.021105
234.559234 0.021354
235.742699 0.021578
236.916556 0.021773
238.084077 0.021935
239.265847 0.022068
240.440665 0.022155
241.641881 0.022206
242.815053 0.022220
243.981465 0.022200
245.150574 0.022140
246.355438 0.022041
247.575582 0.021903
248.770178 0.021732
249.969832 0.021535
251.148629 0.021314
252.343964 0.021066
253.581288 0.020808
254.849922 0.020536
256.140066 0.020251
257.387198 0.019949
258.600491 0.019648
259.821873 0.019352
261.008831 0.019057
262.226192 0.018763
263.435285 0.018479
264.605736 0.018202
265.800351 0.017940
267.049009 0.017709
268.276913 0.017493
269.464138 0.017293
270.632589 0.017112
271.818548 0.016954
272.994712 0.016816
274.164018 0.016688
275.330620 0.016572
276.506269 0.016469
277.680870 0.016373
278.855617 0.016284
280.064466 0.016199
281.278473 0.016105
282.449128 0.016010
283.616257 0.015902
284.845361 0.015778
286.029704 0.015630
287.255063 0.015484
288.436329 0.015325
289.626389 0.015147
290.821597 0.014955
291.999452 0.014745
293.167667 0.014517
294.352771 0.014273
295.566370 0.014024
296.774661 0.013768
298.014385 0.013513
299.251261 0.013262
300.483393 0.013034
301.736527 0.012823
302.916548 0.012638
304.118131 0.012483
305.344507 0.012366
306.545269 0.012290
307.763377 0.012257
308.998625 0.012266
310.221495 0.012313
311.419672 0.012401
312.610064 0.012530
313.830471 0.012704
315.023197 0.012917
316.252048 0.013159
317.479601 0.013436
318.681081 0.013741
319.878590 0.014073
321.101504 0.014436
322.287402 0.014813
323.493496 0.015216
324.724249 0.015632
325.939291 0.016057
327.167126 0.016492
328.379794 0.016950
329.570135 0.017425
330.759752 0.017913
331.948230 0.018411
333.193997 0.018923
334.449455 0.019443
335.641200 0.019977
336.851583 0.020524
338.070580 0.021081
339.305406 0.021643
340.506311 0.022211
341.717620 0.022781
342.952383 0.023345
344.142508 0.023903
345.391805 0.024449
346.602785 0.024983
347.816614 0.025486
349.063456 0.025968
350.284857 0.026428
351.510095 0.026857
352.706404 0.027244
353.903784 0.027586
355.124538 0.027882
356.328009 0.028123
357.566656 0.028309
358.786951 0.028441
359.994733 0.028517
361.244328 0.028535
362.496975 0.028506
363.712944 0.028434
364.949456 0.028319
366.154267 0.028163
367.341250 0.027975
368.532081 0.027764
369.741542 0.027532
370.957286 0.027277
372.186315 0.027013
373.421420 0.026735
374.641563 0.026445
375.852319 0.026151
377.073553 0.025869
378.324415 0.025593
379.604361 0.025327
380.821502 0.025067
382.036097 0.024829
383.223912 0.024623
384.435533 0.024437
385.667424 0.024283
386.895003 0.024156
388.135959 0.024049
389.389793 0.023968
390.639312 0.023914
391.839306 0.023882
393.023787 0.023880
394.217881 0.023911
395.451966 0.023970
396.673322 0.024047
397.890325 0.024135
399.097879 0.024243
400.321569 0.024365
401.569961 0.024500
402.797442 0.024646
404.021642 0.024799
405.299441 0.024965
406.528679 0.025142
407.750577 0.025319
408.976443 0.025498
410.239905 0.025680
411.483133 0.025870
412.715283 0.026061
413.967533 0.026259
415.222392 0.026462
416.480612 0.026665
417.747398 0.026868
418.965126 0.027077
420.168408 0.027283
421.388910 0.027485
422.621666 0.027683
423.840007 0.027867
425.084626 0.028042
426.304663 0.028210
427.517823 0.028365
428.744162 0.028502
429.988251 0.028618
431.235541 0.028721
432.502649 0.028815
433.778035 0.028894
435.003286 0.028960
436.218466 0.029000
437.458339 0.029013
438.733914 0.029003
439.977952 0.028967
441.208053 0.028908
442.456703 0.028827
443.683856 0.028714
444.901991 0.028574
446.113485 0.028411
447.386164 0.028227
448.641715 0.028026
449.933002 0.027803
451.210856 0.027554
452.439422 0.027287
453.699086 0.027001
454.911999 0.026689
456.148533 0.026356
457.409143 0.026003
458.665806 0.025632
459.886710 0.025246
461.098668 0.024843
462.312440 0.024438
463.531053 0.024028
464.781228 0.023621
466.024391 0.023218
467.280441 0.022822
468.551614 0.022439
469.794768 0.022075
471.036263 0.021736
472.293660 0.021413
473.566944 0.021108
474.823900 0.020832
476.048611 0.020581
477.303290 0.020355
478.656798 0.020156
479.976629 0.019986
481.256513 0.019837
482.517879 0.019709
483.780968 0.019603
485.019726 0.019516
486.300982 0.019449
487.559233 0.019398
488.836686 0.019359
490.125860 0.019334
491.400532 0.019325
492.631345 0.019329
493.846629 0.019335
495.115700 0.019344
496.402278 0.019354
497.687004 0.019369
498.970000 0.019397
500.230614 0.019431
501.500007 0.019471
502.781364 0.019520
504.090414 0.019572
505.348177 0.019629
506.562407 0.019689
507.796635 0.019747
509.047045 0.019802
510.336085 0.019853
511.612462 0.019901
512.874914 0.019951
514.141657 0.019996
515.399605 0.020032
516.668406 0.020063
517.887346 0.020088
519.111835 0.020106
520.346509 0.020121
521.556698 0.020134
522.789443 0.020143
524.054826 0.020150
525.285585 0.020152
526.556142 0.020156
527.834473 0.020160
529.099657 0.020165
530.368645 0.020171
531.635757 0.020179
532.885909 0.020197
534.129055 0.020219
535.390965 0.020247
536.637695 0.020284
537.893109 0.020331
539.133519 0.020386
540.386036 0.020455
541.646201 0.020530
542.887764 0.020607
544.134684 0.020693
545.429626 0.020790
546.728095 0.020894
548.037568 0.021005
549.308347 0.021119
550.559577 0.021235
551.802528 0.021353
553.085320 0.021471
554.347265 0.021584
555.599529 0.021689
556.893140 0.021795
558.170250 0.021899
559.392153 0.021995
560.608825 0.022078
561.846061 0.022145
563.108495 0.022199
564.382060 0.022239
565.666812 0.022262
566.937818 0.022270
568.150400 0.022265
569.362313 0.022251
570.608151 0.022224
571.882557 0.022185
573.143102 0.022138
574.418265 0.022083
575.712351 0.022023
576.948080 0.021959
578.173499 0.021891
579.397542 0.021824
580.654866 0.021759
581.926207 0.021698
583.187591 0.021642
584.462580 0.021591
585.723663 0.021543
586.951948 0.021501
588.185906 0.021465
589.460007 0.021433
590.715859 0.021406
591.979554 0.021384
593.269039 0.021366
594.519898 0.021352
595.812268 0.021335
597.056098 0.021321
598.321465 0.021308
599.532197 0.021293
600.752964 0.021276
602.022347 0.021256
603.295619 0.021232
604.605354 0.021207
605.876635 0.021184
607.128622 0.021156
608.349965 0.021125
609.572569 0.021092
610.840459 0.021056
612.090211 0.021017
613.363252 0.020979
614.648737 0.020942
615.934653 0.020903
617.185449 0.020867
