2.820816 0.001247
4.836656 0.001284
6.225959 0.001325
7.469888 0.001366
8.702316 0.001410
9.982861 0.001459
11.277726 0.001513
12.543658 0.001570
13.841628 0.001630
15.111534 0.001693
16.435075 0.001757
17.678577 0.001825
19.023274 0.001897
20.317183 0.001969
21.566698 0.002043
22.859530 0.002119
24.123559 0.002197
25.403266 0.002275
26.656554 0.002354
27.916374 0.002431
29.211415 0.002507
30.481649 0.002579
31.727108 0.002648
32.995931 0.002713
34.363717 0.002774
35.610270 0.002832
36.840089 0.002883
38.095701 0.002928
39.372268 0.002967
40.645718 0.002997
41.894373 0.003021
43.165345 0.003035
44.410263 0.003041
45.670500 0.003039
46.916165 0.003031
48.168327 0.003016
49.447545 0.002996
50.671419 0.002968
51.989952 0.002934
53.250124 0.002897
54.496009 0.002856
55.696478 0.002814
56.913395 0.002768
58.178308 0.002720
59.427438 0.002670
60.684745 0.002621
61.896055 0.002574
63.127758 0.002527
64.446636 0.002481
65.655897 0.002438
66.898220 0.002399
68.149278 0.002366
69.430572 0.002337
70.674403 0.002315
71.923855 0.002297
73.161437 0.002283
74.426610 0.002275
75.636665 0.002271
76.854426 0.002275
78.092801 0.002285
79.326257 0.002302
80.577701 0.002325
81.784505 0.002351
83.009411 0.002384
84.240423 0.002422
85.519746 0.002465
86.812395 0.002514
88.051034 0.002567
89.326457 0.002623
90.590923 0.002686
91.888762 0.002752
93.148044 0.002823
94.417462 0.002899
95.718411 0.002978
97.014352 0.003059
98.249616 0.003142
99.477769 0.003227
100.719877 0.003313
101.969106 0.003400
103.184242 0.003489
104.462512 0.003578
105.721764 0.003668
107.010555 0.003758
108.285104 0.003846
109.520336 0.003934
110.739103 0.004023
111.961987 0.004111
113.252858 0.004201
114.507579 0.004293
115.751404 0.004384
117.020388 0.004476
118.260256 0.004569
119.478730 0.004665
120.731733 0.004764
121.941261 0.004864
123.163413 0.004965
124.417393 0.005068
125.694805 0.005172
126.930835 0.005276
128.248314 0.005379
129.570550 0.005479
130.893584 0.005578
132.103422 0.005676
133.279272 0.005773
134.482505 0.005866
135.674169 0.005954
136.866940 0.006037
138.076320 0.006116
139.299568 0.006188
140.486485 0.006252
141.724317 0.006311
142.984737 0.006362
144.241300 0.006402
145.422779 0.006434
146.590515 0.006457
147.769852 0.006469
148.949190 0.006471
150.142840 0.006464
151.341760 0.006449
152.556140 0.006424
153.781055 0.006390
154.968675 0.006347
156.138665 0.006297
157.315707 0.006239
158.492413 0.006174
159.711006 0.006104
160.925980 0.006030
162.197831 0.005949
163.403441 0.005863
164.591677 0.005772
165.782468 0.005678
166.960995 0.005583
168.136011 0.005488
169.318856 0.005393
170.507683 0.005295
171.705910 0.005198
172.916290 0.005103
174.092117 0.005008
175.268001 0.004917
176.477136 0.004831
177.681697 0.004750
178.917870 0.004674
180.174493 0.004605
181.378714 0.004544
182.581426 0.004492
183.781308 0.004449
184.991849 0.004418
186.204292 0.004400
187.468801 0.004394
188.675467 0.004399
189.895756 0.004418
191.121324 0.004449
192.317035 0.004488
193.516374 0.004541
194.703341 0.004605
195.878937 0.004676
197.086926 0.004754
198.287568 0.004841
199.545517 0.004933
200.807899 0.005031
202.021671 0.005133
203.202085 0.005240
204.402634 0.005349
205.630949 0.005456
206.847522 0.005561
208.066328 0.005665
209.284743 0.005766
210.473598 0.005861
211.706181 0.005952
212.909224 0.006038
214.110008 0.006117
215.283651 0.006188
216.457389 0.006248
217.678979 0.006302
218.857351 0.006349
220.043197 0.006390
221.262349 0.006423
222.459514 0.006453
223.659299 0.006477
224.852316 0.006497
226.033291 0.006513
227.273054 0.006525
228.514950 0.006537
229.715738 0.006548
230.943302 0.006562
232.128604 0.006578
233.346358 0.006598
234.559234 0.006623
235.742699 0.006654
236.916556 0.006689
238.084077 0.006731
239.265847 0.006777
240.440665 0.006829
241.641881 0.006885
242.815053 0.006945
243.981465 0.007011
245.150574 0.007079
246.355438 0.007147
247.575582 0.007216
248.770178 0.007287
249.969832 0.007358
251.148629 0.007428
252.343964 0.007498
253.581288 0.007562
254.849922 0.007627
256.140066 0.007693
257.387198 0.007757
258.600491 0.007816
259.821873 0.007871
261.008831 0.007923
262.226192 0.007971
263.435285 0.008015
264.605736 0.008059
265.800351 0.008102
267.049009 0.008142
268.276913 0.008178
269.464138 0.008213
270.632589 0.008247
271.818548 0.008280
272.994712 0.008311
274.164018 0.008339
275.330620 0.008367
276.506269 0.008393
277.680870 0.008418
278.855617 0.008440
280.064466 0.008458
281.278473 0.008471
282.449128 0.008479
283.616257 0.008483
284.845361 0.008481
286.029704 0.008473
287.255063 0.008461
288.436329 0.008444
289.626389 0.008419
290.821597 0.008388
291.999452 0.008354
293.167667 0.008315
294.352771 0.008271
295.566370 0.008221
296.774661 0.008169
298.014385 0.008112
299.251261 0.008050
300.483393 0.007984
301.736527 0.007915
302.916548 0.007842
304.118131 0.007764
305.344507 0.007682
306.545269 0.007601
307.763377 0.007517
308.998625 0.007432
310.221495 0.007342
311.419672 0.007249
312.610064 0.007151
313.830471 0.007052
315.023197 0.006949
316.252048 0.006843
317.479601 0.006734
318.681081 0.006626
319.878590 0.006518
321.101504 0.006411
322.287402 0.006308
323.493496 0.006208
324.724249 0.006110
325.939291 0.006015
327.167126 0.005927
328.379794 0.005843
329.570135 0.005762
330.759752 0.005685
331.948230 0.005613
333.193997 0.005548
334.449455 0.005490
335.641200 0.005439
336.851583 0.005392
338.070580 0.005352
339.305406 0.005316
340.506311 0.005285
341.717620 0.005260
342.952383 0.005242
344.142508 0.005229
345.391805 0.005219
346.602785 0.005214
347.816614 0.005210
349.063456 0.005209
350.284857 0.005214
351.510095 0.005222
352.706404 0.005232
353.903784 0.005245
355.124538 0.005261
356.328009 0.005279
357.566656 0.005300
358.786951 0.005324
359.994733 0.005351
361.244328 0.005379
362.496975 0.005411
363.712944 0.005441
364.949456 0.005471
366.154267 0.005500
367.341250 0.005527
368.532081 0.005552
369.741542 0.005574
370.957286 0.005594
372.186315 0.005612
373.421420 0.005629
374.641563 0.005643
375.852319 0.005654
377.073553 0.005663
378.324415 0.005669
379.604361 0.005673
380.821502 0.005674
382.036097 0.005673
383.223912 0.005667
384.435533 0.005660
385.667424 0.005655
386.895003 0.005647
388.135959 0.005639
389.389793 0.005630
390.639312 0.005621
391.839306 0.005611
393.023787 0.005600
394.217881 0.005588
395.451966 0.005576
396.673322 0.005562
397.890325 0.005545
399.097879 0.005527
400.321569 0.005509
401.569961 0.005490
402.797442 0.005468
404.021642 0.005443
405.299441 0.005415
406.528679 0.005387
407.750577 0.005356
408.976443 0.005323
410.239905 0.005286
411.483133 0.005244
412.715283 0.005199
413.967533 0.005152
415.222392 0.005103
416.480612 0.005054
417.747398 0.005004
418.965126 0.004953
420.168408 0.004898
421.388910 0.004842
422.621666 0.004783
423.840007 0.004724
425.084626 0.004667
426.304663 0.004610
427.517823 0.004552
428.744162 0.004496
429.988251 0.004442
431.235541 0.004387
432.502649 0.004335
433.778035 0.004285
435.003286 0.004236
436.218466 0.004191
437.458339 0.004147
438.733914 0.004107
439.977952 0.004072
441.208053 0.004039
442.456703 0.004014
443.683856 0.003995
444.901991 0.003982
446.113485 0.003977
447.386164 0.003978
448.641715 0.003989
449.933002 0.004005
451.210856 0.004031
452.439422 0.004067
453.699086 0.004113
454.911999 0.004168
456.148533 0.004233
457.409143 0.004305
458.665806 0.004383
459.886710 0.004469
461.098668 0.004561
462.312440 0.004656
463.531053 0.004756
464.781228 0.004861
466.024391 0.004968
467.280441 0.005077
468.551614 0.005187
469.794768 0.005298
471.036263 0.005411
472.293660 0.005521
473.566944 0.005628
474.823900 0.005731
476.048611 0.005831
477.303290 0.005928
478.656798 0.006020
479.976629 0.006106
481.256513 0.006189
482.517879 0.006270
483.780968 0.006346
485.019726 0.006419
486.300982 0.006485
487.559233 0.006545
488.836686 0.006601
490.125860 0.006653
491.400532 0.006700
492.631345 0.006743
493.846629 0.006783
495.115700 0.006819
496.402278 0.006850
497.687004 0.006877
498.970000 0.006898
500.230614 0.006915
501.500007 0.006928
502.781364 0.006935
504.090414 0.006937
505.348177 0.006934
506.562407 0.006927
507.796635 0.006916
509.047045 0.006901
510.336085 0.006881
511.612462 0.006857
512.874914 0.006830
514.141657 0.006801
515.399605 0.006768
516.668406 0.006734
517.887346 0.006699
519.111835 0.006665
520.346509 0.006633
521.556698 0.006604
522.789443 0.006580
524.054826 0.006558
525.285585 0.006540
526.556142 0.006527
527.834473 0.006518
529.099657 0.006514
530.368645 0.006513
531.635757 0.006514
532.885909 0.006519
534.129055 0.006527
535.390965 0.006540
536.637695 0.006556
537.893109 0.006575
539.133519 0.006595
540.386036 0.006613
541.646201 0.006632
542.887764 0.006651
544.134684 0.006667
545.429626 0.006682
546.728095 0.006695
548.037568 0.006705
549.308347 0.006714
550.559577 0.006721
551.802528 0.006727
553.085320 0.006729
554.347265 0.006731
555.599529 0.006729
556.893140 0.006729
558.170250 0.006729
559.392153 0.006730
560.608825 0.006733
561.846061 0.006737
563.108495 0.006744
564.382060 0.006753
565.666812 0.006765
566.937818 0.006778
568.150400 0.006793
569.362313 0.006809
570.608151 0.006826
571.882557 0.006844
573.143102 0.006863
574.418265 0.006882
575.712351 0.006901
576.948080 0.006918
578.173499 0.006933
579.397542 0.006943
580.654866 0.006949
581.926207 0.006952
583.187591 0.006950
584.462580 0.006944
585.723663 0.006930
586.951948 0.006913
588.185906 0.006890
589.460007 0.006862
590.715859 0.006830
591.979554 0.006793
593.269039 0.006753
594.519898 0.006711
595.812268 0.006667
597.056098 0.006620
598.321465 0.006572
599.532197 0.006522
600.752964 0.006473
602.022347 0.006424
603.295619 0.006377
604.605354 0.006332
605.876635 0.006288
607.128622 0.006248
608.349965 0.006211
609.572569 0.006176
610.840459 0.006144
612.090211 0.006116
613.363252 0.006091
614.648737 0.006069
615.934653 0.006048
617.185449 0.006030
