1.000000000000000000e+00 nan
9.331103678929766332e-01 4.139433551198256830e-03
8.662207357859531554e-01 3.917211328976038381e-02
7.993311036789297885e-01 9.335511982570807166e-02
7.324414715719063107e-01 2.153159041394334949e-01
6.655518394648829439e-01 2.131154684095861451e-01
5.986622073578595771e-01 1.705446623093682668e-01
5.317725752508362103e-01 1.213289760348584129e-01
4.648829431438127324e-01 8.803921568627452732e-02
3.979933110367892546e-01 5.113289760348583429e-02
3.311036789297658878e-01 3.326797385620914455e-02
2.642140468227425210e-01 4.444444444444444614e-02
1.973244147157190431e-01 2.705882352941177058e-02
1.304347826086956763e-01 1.588235294117647245e-02
6.354515050167230950e-02 1.644880174291939515e-02
