1.000000000000000000e+00 nan
9.331103678929766332e-01 2.156862745098037364e-03
8.662207357859531554e-01 1.223965141612200352e-01
7.993311036789297885e-01 3.858823529411764541e-01
7.324414715719063107e-01 3.604139433551197813e-01
6.655518394648829439e-01 3.221350762527233069e-01
5.986622073578595771e-01 1.770370370370369373e-01
5.317725752508362103e-01 1.049891067538125389e-01
4.648829431438127324e-01 9.612200435729832682e-02
3.979933110367892546e-01 7.557734204793013777e-02
3.311036789297658878e-01 6.141612200435715707e-02
2.642140468227425210e-01 3.056644880174276546e-02
1.973244147157190431e-01 1.908496732026129447e-02
1.304347826086956763e-01 3.769063180827743418e-03
6.354515050167230950e-02 7.124183006535804094e-03
