1.000000000000000000e+00 nan
9.331103678929766332e-01 7.080610021786493125e-02
8.662207357859531554e-01 6.165577342047935325e-03
7.993311036789297885e-01 1.080392156862745312e-01
7.324414715719063107e-01 1.893899782135076426e-01
6.655518394648829439e-01 9.230936819172115559e-02
5.986622073578595771e-01 1.166230936819172281e-01
5.317725752508362103e-01 6.952069716775600983e-02
4.648829431438127324e-01 3.080610021786493735e-02
3.979933110367892546e-01 3.777777777777778512e-02
3.311036789297658878e-01 6.328976034858388444e-02
2.642140468227425210e-01 3.413943355119825745e-02
1.973244147157190431e-01 3.366013071895425368e-02
1.304347826086956763e-01 4.808278867102395993e-02
6.354515050167230950e-02 5.015250544662308574e-02
