1.000000000000000000e+00 nan
9.331103678929766332e-01 0.000000000000000000e+00
8.662207357859531554e-01 1.307189542483660040e-03
7.993311036789297885e-01 3.943355119825708334e-03
7.324414715719063107e-01 1.477124183006535245e-02
6.655518394648829439e-01 4.311546840958607046e-02
5.986622073578595771e-01 4.549019607843136220e-02
5.317725752508362103e-01 3.067538126361655376e-02
4.648829431438127324e-01 4.032679738562090777e-02
3.979933110367892546e-01 7.847494553376904713e-02
3.311036789297658878e-01 5.084967320261436080e-02
2.642140468227425210e-01 7.169934640522872271e-02
1.973244147157190431e-01 7.734204793028319480e-02
1.304347826086956763e-01 9.446623093681917605e-02
6.354515050167230950e-02 1.119389978213507775e-01
