1.000000000000000000e+00 nan
9.331103678929766332e-01 0.000000000000000000e+00
8.662207357859531554e-01 2.505446623093686171e-03
7.993311036789297885e-01 7.655773420479304592e-02
7.324414715719063107e-01 2.703485838779955963e-01
6.655518394648829439e-01 2.657734204793028576e-01
5.986622073578595771e-01 2.042265795206970880e-01
5.317725752508362103e-01 2.311546840958604299e-01
4.648829431438127324e-01 6.433551198257064785e-02
3.979933110367892546e-01 2.065359477124167203e-02
3.311036789297658878e-01 2.668845315904123591e-02
2.642140468227425210e-01 4.991285403050092773e-02
1.973244147157190431e-01 6.592592592592574907e-02
1.304347826086956763e-01 3.403050108932446915e-02
6.354515050167230950e-02 8.169934640522727096e-03
