x y err
0.000000000000000000e+00 9.962378006865159064e-01 1.706254657601291927e-02
1.010101010101010187e-02 9.967532617511292159e-01 1.702231372070987098e-02
2.020202020202020374e-02 9.971790099357410453e-01 1.705083101393139663e-02
3.030303030303030387e-02 9.976276628573389482e-01 1.694617447717352426e-02
4.040404040404040747e-02 9.983877606475265454e-01 1.686029944065952496e-02
5.050505050505051108e-02 9.988938518023843249e-01 1.675138221141898517e-02
6.060606060606060774e-02 9.993837311533825263e-01 1.661617606731586108e-02
7.070707070707071829e-02 9.998626053447859929e-01 1.658034633785438264e-02
8.080808080808081495e-02 1.000656388594835189e+00 1.644621129846355473e-02
9.090909090909091161e-02 1.001512216722098669e+00 1.634548877340535195e-02
1.010101010101010222e-01 1.002290221558175043e+00 1.630081199665798369e-02
1.111111111111111188e-01 1.002988867465739453e+00 1.620112414706606149e-02
1.212121212121212155e-01 1.004132100234624403e+00 1.618667071465933888e-02
1.313131313131313260e-01 1.004961859823640280e+00 1.625298444205099807e-02
1.414141414141414366e-01 1.005784343192564600e+00 1.625146247031005256e-02
1.515151515151515194e-01 1.006783785234813822e+00 1.646439570992505944e-02
1.616161616161616299e-01 1.007816851525362933e+00 1.656835518840952745e-02
1.717171717171717404e-01 1.008633811647137390e+00 1.639249526456298955e-02
1.818181818181818232e-01 1.009752354126660867e+00 1.642732724862861621e-02
1.919191919191919338e-01 1.010995746834367992e+00 1.643878279322718780e-02
2.020202020202020443e-01 1.011938385575488875e+00 1.664070316112378073e-02
2.121212121212121271e-01 1.013126306185324621e+00 1.683055648710429786e-02
2.222222222222222376e-01 1.014097543397896262e+00 1.700947263430314937e-02
2.323232323232323482e-01 1.015354485927136619e+00 1.736970196802601826e-02
2.424242424242424310e-01 1.016837045498625525e+00 1.758822487470118948e-02
2.525252525252525415e-01 1.018094112502291315e+00 1.789288851894723503e-02
2.626262626262626521e-01 1.019532189240846654e+00 1.841222824536551186e-02
2.727272727272727626e-01 1.021620534571790362e+00 1.956293294252287734e-02
2.828282828282828731e-01 1.023299487921968343e+00 2.036400010350521844e-02
2.929292929292929282e-01 1.025462131054435400e+00 2.128724891007480538e-02
3.030303030303030387e-01 1.027226631995007411e+00 2.200200055495750776e-02
3.131313131313131493e-01 1.029656568277274920e+00 2.404186253672166082e-02
3.232323232323232598e-01 1.031744874327738870e+00 2.449463138837468246e-02
3.333333333333333703e-01 1.033474862905702230e+00 2.483410757484825690e-02
3.434343434343434809e-01 1.036719516373074024e+00 2.580259715445631236e-02
3.535353535353535914e-01 1.039027055403367150e+00 2.666524189930604902e-02
3.636363636363636465e-01 1.040501923541469864e+00 2.717723738536998584e-02
3.737373737373737570e-01 1.042324595040488022e+00 2.820473131735404954e-02
3.838383838383838675e-01 1.044553475800882092e+00 2.916416539023232793e-02
3.939393939393939781e-01 1.047004556265324737e+00 2.996858987488295462e-02
4.040404040404040886e-01 1.048978025497521616e+00 3.045524069952348922e-02
4.141414141414141992e-01 1.050526109710436140e+00 3.073998579114722157e-02
4.242424242424242542e-01 1.052732957757148702e+00 3.175944655489520985e-02
4.343434343434343647e-01 1.054593487171580746e+00 3.218206923953162435e-02
4.444444444444444753e-01 1.055898661802546545e+00 3.247169914996408946e-02
4.545454545454545858e-01 1.057611993415562113e+00 3.287593414716021012e-02
4.646464646464646964e-01 1.059650090940575495e+00 3.339760582193658511e-02
4.747474747474748069e-01 1.062112929017558827e+00 3.400907744416226119e-02
4.848484848484848619e-01 1.064212861844124669e+00 3.451586840057333655e-02
4.949494949494949725e-01 1.066108091603848562e+00 3.479645131749821430e-02
5.050505050505050830e-01 1.068168044659179694e+00 3.528420445801820626e-02
5.151515151515152491e-01 1.070062678765725028e+00 3.570688621183989303e-02
5.252525252525253041e-01 1.071982493921177060e+00 3.566266740618585784e-02
5.353535353535353591e-01 1.073906741622197014e+00 3.621288004839342406e-02
5.454545454545455252e-01 1.075923331680406880e+00 3.664260373293250217e-02
5.555555555555555802e-01 1.077948915381422124e+00 3.716161346560112322e-02
5.656565656565657463e-01 1.079852659536921555e+00 3.781389633138554363e-02
5.757575757575758013e-01 1.082079764456550963e+00 3.816406457532308533e-02
5.858585858585858563e-01 1.083765222840605613e+00 3.847677274818583903e-02
5.959595959595960224e-01 1.085894902630405445e+00 3.857767844423869164e-02
6.060606060606060774e-01 1.088811675236275978e+00 3.923312898738866294e-02
6.161616161616162435e-01 1.091545592192889380e+00 3.943846619823851429e-02
6.262626262626262985e-01 1.093863093888702620e+00 3.957848857293590900e-02
6.363636363636364646e-01 1.096404147014252706e+00 3.979831251252968077e-02
6.464646464646465196e-01 1.098428627369439248e+00 4.023108759408693114e-02
6.565656565656565746e-01 1.100908045126773871e+00 4.024405243280253230e-02
6.666666666666667407e-01 1.103908691459791092e+00 4.089631616038021805e-02
6.767676767676767957e-01 1.106573090434611162e+00 4.093359819383496356e-02
6.868686868686869618e-01 1.109196073765358337e+00 4.098662350174696323e-02
6.969696969696970168e-01 1.111643921334282803e+00 4.095857949567811851e-02
7.070707070707071829e-01 1.114586307098528462e+00 4.105435061520898432e-02
7.171717171717172379e-01 1.117155576510339809e+00 4.125637763720159390e-02
7.272727272727272929e-01 1.120327868716233022e+00 4.167763132683958288e-02
7.373737373737374590e-01 1.122544259705757774e+00 4.179892181416591107e-02
7.474747474747475140e-01 1.124799701441667743e+00 4.185639557522654458e-02
7.575757575757576801e-01 1.127687033955462104e+00 4.166113860420067594e-02
7.676767676767677351e-01 1.132740233871954771e+00 4.334159027366624173e-02
7.777777777777777901e-01 1.135763275724094745e+00 4.320705500793720066e-02
7.878787878787879562e-01 1.139124197977620545e+00 4.295545565624307727e-02
7.979797979797980112e-01 1.142613559758316910e+00 4.286190661484334807e-02
8.080808080808081773e-01 1.146860322256903819e+00 4.265206589034966495e-02
8.181818181818182323e-01 1.150438300283133986e+00 4.240454008808332981e-02
8.282828282828283983e-01 1.153996615909685053e+00 4.204439436372171129e-02
8.383838383838384534e-01 1.157508534637695430e+00 4.130502488429496633e-02
8.484848484848485084e-01 1.160705740289526888e+00 4.055704506261067349e-02
8.585858585858586745e-01 1.164616327257345985e+00 4.066208839169450917e-02
8.686868686868687295e-01 1.168147151442362697e+00 4.113055799103470384e-02
8.787878787878788955e-01 1.171432669252808534e+00 4.150047490221978053e-02
8.888888888888889506e-01 1.175580096462341961e+00 4.184361146174665064e-02
8.989898989898991166e-01 1.178935513837389593e+00 4.250769518064771019e-02
9.090909090909091717e-01 1.181823642608133662e+00 4.258230383574126976e-02
9.191919191919192267e-01 1.185370170974513249e+00 4.392121338100126587e-02
9.292929292929293927e-01 1.188131823789001507e+00 4.481648908881532417e-02
9.393939393939394478e-01 1.191559987697051737e+00 4.556007192504221009e-02
9.494949494949496138e-01 1.194849463851951565e+00 4.597427616830979114e-02
9.595959595959596689e-01 1.198232540811893676e+00 4.707359734746776464e-02
9.696969696969697239e-01 1.200690412259271200e+00 4.738911270826776101e-02
9.797979797979798899e-01 1.203060295607264019e+00 4.816850953695374360e-02
9.898989898989899450e-01 1.205936208370423701e+00 5.029764178240409001e-02
1.000000000000000000e+00 1.207572914339669401e+00 5.069178550883585155e-02
