x	y	err
0.000000000000000000e+00 3.326117749336952589e-01 2.996050835651116184e-01
1.010101010101010187e-02 5.919046377298049499e-01 5.668078057368057809e-01
2.020202020202020374e-02 1.010350691163770298e+00 9.122483760289255006e-01
3.030303030303030387e-02 1.627172981035350796e+00 1.771340553966104014e+00
4.040404040404040747e-02 2.860358351890142981e+00 3.745345434719884459e+00
5.050505050505051108e-02 3.737660158012423128e+00 5.133641221789679854e+00
6.060606060606060774e-02 4.681510878292262312e+00 6.460452776438062372e+00
7.070707070707071829e-02 6.628602966899681093e+00 1.016924807576309320e+01
8.080808080808081495e-02 8.032721544572241967e+00 1.235395768997425492e+01
9.090909090909091161e-02 1.042724658744139710e+01 1.658705541184201593e+01
1.010101010101010222e-01 1.356181176082223239e+01 2.274043379102590023e+01
1.111111111111111188e-01 1.608545914799070786e+01 2.714720343954111570e+01
1.212121212121212155e-01 1.976149827682247562e+01 3.434563357324283572e+01
1.313131313131313260e-01 2.099594921327179264e+01 3.629166581565451111e+01
1.414141414141414366e-01 2.474325698249380423e+01 4.367402899181301734e+01
1.515151515151515194e-01 2.722183946554650547e+01 4.777926581981729726e+01
1.616161616161616299e-01 3.007768484931297692e+01 5.112501458274761745e+01
1.717171717171717404e-01 3.169295668846970671e+01 5.272483016139887724e+01
1.818181818181818232e-01 3.414285901011218272e+01 5.589848856179498426e+01
1.919191919191919338e-01 3.667531878117731736e+01 5.747592261825206350e+01
2.020202020202020443e-01 3.845647853992996801e+01 5.795234629017831196e+01
2.121212121212121271e-01 3.985041566321446993e+01 5.819863254810577047e+01
2.222222222222222376e-01 4.165889651545450789e+01 5.835767003202415282e+01
2.323232323232323482e-01 4.477077810639747923e+01 6.283816457592888582e+01
2.424242424242424310e-01 4.749799958202353167e+01 6.378204618442979523e+01
2.525252525252525415e-01 4.854671441344234495e+01 6.490676543209210081e+01
2.626262626262626521e-01 5.104971020632911660e+01 6.572941231152340436e+01
2.727272727272727626e-01 5.197711479808175028e+01 6.834049467681279566e+01
2.828282828282828731e-01 5.497435196237847066e+01 6.684042139445753605e+01
2.929292929292929282e-01 5.761541405874924493e+01 6.692415689829871894e+01
3.030303030303030387e-01 6.220167279884024225e+01 6.803678836076409198e+01
3.131313131313131493e-01 6.461305131923164424e+01 6.899012689091692607e+01
3.232323232323232598e-01 7.173806625876856913e+01 7.327030165713784982e+01
3.333333333333333703e-01 7.601562806332727007e+01 7.205424690165220625e+01
3.434343434343434809e-01 8.933436368885610079e+01 6.812189233476787820e+01
3.535353535353535914e-01 1.045232625658951093e+02 6.843457093253623214e+01
3.636363636363636465e-01 1.094257500884388605e+02 7.032072100322760377e+01
3.737373737373737570e-01 1.162891171487719930e+02 6.971890464101223017e+01
3.838383838383838675e-01 1.243218809116517463e+02 7.222464839798368530e+01
3.939393939393939781e-01 1.299993049049996898e+02 7.121542874132752843e+01
4.040404040404040886e-01 1.360266018033123316e+02 7.096966140596093453e+01
4.141414141414141992e-01 1.424771088903449936e+02 7.038851597720498887e+01
4.242424242424242542e-01 1.445611916769129550e+02 6.639173353342714279e+01
4.343434343434343647e-01 1.506290779620827038e+02 6.503882805824457591e+01
4.444444444444444753e-01 1.561002048751795144e+02 6.394479520250906290e+01
4.545454545454545858e-01 1.577625232715897425e+02 5.958243913773863198e+01
4.646464646464646964e-01 1.660125055255633981e+02 5.867615325910723101e+01
4.747474747474748069e-01 1.793661777629900200e+02 6.357611499542917954e+01
4.848484848484848619e-01 1.885267266850916315e+02 6.291783783815452580e+01
4.949494949494949725e-01 1.942456799519991080e+02 6.423486688605406414e+01
5.050505050505050830e-01 2.044119831595772894e+02 7.275021137088995715e+01
5.151515151515152491e-01 2.157181092077146332e+02 7.718938346099743342e+01
5.252525252525253041e-01 2.255731029831141541e+02 8.075716832410189738e+01
5.353535353535353591e-01 2.266698589142699802e+02 8.296727579343311731e+01
5.454545454545455252e-01 2.291076443439729644e+02 8.793114626207284346e+01
5.555555555555555802e-01 2.398419423539467061e+02 9.532574307857498752e+01
5.656565656565657463e-01 2.492928718122882401e+02 1.004549138385804383e+02
5.757575757575758013e-01 2.564088429488751331e+02 1.019223067129919400e+02
5.858585858585858563e-01 2.610236544210610532e+02 9.955241546038682543e+01
5.959595959595960224e-01 2.692581351813940387e+02 1.015119590738316475e+02
6.060606060606060774e-01 2.731670375988514934e+02 1.177484724837714367e+02
6.161616161616162435e-01 2.835987144783236431e+02 1.299236836802359960e+02
6.262626262626262985e-01 3.013196191931697285e+02 1.418610226789518265e+02
6.363636363636364646e-01 3.151997896067626925e+02 1.514455623649270137e+02
6.464646464646465196e-01 3.239890274887663395e+02 1.535922080291186660e+02
6.565656565656565746e-01 3.359792766051173771e+02 1.618815908482737314e+02
6.666666666666667407e-01 3.580258409041555296e+02 1.771565287127026807e+02
6.767676767676767957e-01 3.759177153670416374e+02 1.902555165437939593e+02
6.868686868686869618e-01 3.870239352717277939e+02 1.954379853374679499e+02
6.969696969696970168e-01 3.947988304957780770e+02 1.982831597946641864e+02
7.070707070707071829e-01 4.103213337139792998e+02 2.101224386817732750e+02
7.171717171717172379e-01 4.190465972784019755e+02 2.230500427066830298e+02
7.272727272727272929e-01 4.341523472045960261e+02 2.388024726018035437e+02
7.373737373737374590e-01 4.423666721000637949e+02 2.527771783432762618e+02
7.474747474747475140e-01 4.509366324365911964e+02 2.697452826113361652e+02
7.575757575757576801e-01 4.583819169540951748e+02 2.772171894244812620e+02
7.676767676767677351e-01 4.772492119545035507e+02 2.599141056154630292e+02
7.777777777777777901e-01 4.863468433313025230e+02 2.703755656063287347e+02
7.878787878787879562e-01 4.961887260483850355e+02 2.836974458149903739e+02
7.979797979797980112e-01 5.114019152582261540e+02 3.021633975187421015e+02
8.080808080808081773e-01 5.263713472791969252e+02 3.322154640379309853e+02
8.181818181818182323e-01 5.433336085075840174e+02 3.693477564142006031e+02
8.282828282828283983e-01 5.491396897072310139e+02 3.778943772322343762e+02
8.383838383838384534e-01 5.582547758068030817e+02 4.062027861397350534e+02
8.484848484848485084e-01 5.758008548705662406e+02 4.262098635329702461e+02
8.585858585858586745e-01 5.971429950706410636e+02 4.584551345827383102e+02
8.686868686868687295e-01 6.215356443150772066e+02 4.713268647138431788e+02
8.787878787878788955e-01 6.511001368696371401e+02 4.894887127997838547e+02
8.888888888888889506e-01 6.791051156760985350e+02 5.129337298061899446e+02
8.989898989898991166e-01 7.037964159053467483e+02 5.339975608391160904e+02
9.090909090909091717e-01 7.233096140902816842e+02 5.626809004203876157e+02
9.191919191919192267e-01 7.469863707444864076e+02 5.767506379309359090e+02
9.292929292929293927e-01 7.675244629933680471e+02 5.888388904840510349e+02
9.393939393939394478e-01 7.956430048826058510e+02 6.049402766212724600e+02
9.494949494949496138e-01 8.155343061761180934e+02 6.250198047271945825e+02
9.595959595959596689e-01 8.413071384569281008e+02 6.393869360938321051e+02
9.696969696969697239e-01 8.642926140897731102e+02 6.686952194274865633e+02
9.797979797979798899e-01 9.003710204040693270e+02 6.975314794706857811e+02
9.898989898989899450e-01 9.189742364554972482e+02 6.953830077987024652e+02
1.000000000000000000e+00 9.394492513459423435e+02 7.132558320473480080e+02
