1.000000000000000000e+00 -2.290617127347337245e+01 -2.256140835603767769e+01 -2.129623325570270254e+01 -1.533073255007057867e+01 -1.218625440920316194e+01 -1.712539525681022212e+01 -1.847692627802922516e+01 -1.968546313927813429e+01 -2.804983582499314920e+01
2.000000000000000000e+00 1.226198669459561863e+01 1.253033388933938141e+01 7.767656328159470824e+00 -1.486264155461111791e+00 4.057710100434058775e-01 3.394605790090493791e+00 8.355678097199742638e+00 4.515304714887543369e+00 2.864025117179965108e+00
3.000000000000000000e+00 -1.092056181943334980e+00 -9.373794916984345971e-01 -1.664004022145793016e+00 -2.488956844308424010e+00 4.722274039132148271e-01 6.724861724240098759e-01 1.848018789288260244e+00 2.734689825726014156e+00 8.430881351308553207e+00
4.000000000000000000e+00 3.783385104626246775e-01 4.000789775396105252e-01 3.106334572186983944e+00 7.315181749401583389e+00 9.835155680376169940e+00 8.638978132887348949e+00 9.469533740591320026e+00 1.719716605343533189e+01 2.221044526786554485e+01
5.000000000000000000e+00 -7.554595045020967570e-02 -1.854094722247688343e-01 -9.147663985310445778e-01 -6.295841565956978414e+00 -5.075083702781084227e+00 5.022808810509802463e-02 1.710642562675960932e+00 -6.359288413956946329e+00 -1.813048482877429990e+01
6.000000000000000000e+00 1.488692760372909984e-01 -7.157887974106072471e-02 -2.169946553021587121e+00 -6.210406816015003884e+00 -6.460116541742008778e+00 -1.148918073534260209e+01 -1.462262988700123501e+01 -1.754552223838853564e+01 -1.720049946495268856e+01
7.000000000000000000e+00 -1.155049059874636713e-01 -4.099898212040945511e-01 7.446163881611518320e-01 1.088262193714880510e+01 1.829240128520312680e+01 2.381787051171370706e+01 2.870617946607766413e+01 4.234429521136483743e+01 6.163589335542677361e+01
8.000000000000000000e+00 -6.431097895862050717e-02 -3.873063057482998284e-01 2.059872386254878673e+00 1.130691176793244246e+01 1.351936910675689951e+01 1.256917122070883686e+01 9.954229243120067849e+00 9.878191522626362797e+00 -5.579538586596788363e-01
9.000000000000000000e+00 -9.212862041143674019e-02 -3.968138527218835199e-01 4.007657784784544042e-01 -4.386898518216423848e-01 1.842963151130730948e+00 2.723422731328979385e+00 8.384285557857772631e+00 1.119845267232873987e+01 1.816963343119612162e+01
1.000000000000000000e+01 4.660446409143789714e-02 -1.990724605286621762e-01 -1.211107983038707037e+00 -1.728535326399944783e+00 -9.642781323723872422e-01 8.531615352579020595e-01 1.040810165404646881e+00 -2.189955069096849449e+00 1.756221535440228632e+00
1.100000000000000000e+01 -9.317491195800803316e-02 -2.511426629262396570e-01 -2.668110207528747502e+00 -2.497361937748030947e+00 -3.651640484846723211e+00 -4.464857899916330197e+00 -2.825714588843247110e+00 4.071394839274899091e+00 6.140413006207321445e+00
1.200000000000000000e+01 3.678387713216560440e-02 -2.019465544991370931e-02 -1.921432361419748380e+00 -8.015100120558903640e+00 -7.118832450058430794e+00 -6.741993467016111907e+00 -4.589387574020950211e+00 -1.148926666307881561e+01 -2.266952872844456834e+01
1.300000000000000000e+01 4.942402228750816112e-02 9.071892324219851811e-02 8.920693198300770899e-01 -5.143843496782547930e+00 -2.736672166177254617e+00 -1.585993999194764026e+00 -6.791255117128001118e-01 -1.130846975556535128e+00 5.415231857786952929e+00
1.400000000000000000e+01 5.708328737886278481e-03 1.286829677756129997e-01 1.879168503146163793e+00 6.704473280132567936e+00 7.829524758289115205e+00 6.109126733887935146e+00 7.071149978623069821e+00 1.211954246362440735e+01 1.275482772419417010e+01
1.500000000000000000e+01 -9.878057775874657387e-02 7.957812004022990493e-02 -6.879787939237591576e-02 8.724519819204967774e+00 1.130130807494473544e+01 1.321098601856139965e+01 1.057595352621480700e+01 1.201305037965263978e+01 8.359941011896115270e+00
