-3.449267433671388439e+00 -5.418542279514640403e-02
-3.460653326620881653e+00 -1.163956720404110551e-01
-3.449857405627091644e+00 -1.779450002914775841e-01
-3.429600402765342615e+00 -2.385628919505019541e-01
-3.437873755998142933e+00 -3.011041429905666478e-01
-3.437704101554236225e+00 -3.632467398472611908e-01
-3.420957464131765935e+00 -4.235664857936914940e-01
-3.409295016125461597e+00 -4.842752381159790009e-01
-3.394598468797435764e+00 -5.443882466938981812e-01
-3.395909114434080056e+00 -6.071816169571150335e-01
-3.386323800227966085e+00 -6.682754063257276833e-01
-3.358835350944361586e+00 -7.255905418887623748e-01
-3.352730743624949383e+00 -7.873842486081334968e-01
-3.346564971545776146e+00 -8.494649504456950329e-01
-3.324644218684211339e+00 -9.075899895830434883e-01
-3.292053743708283964e+00 -9.623779518018007462e-01
-3.295206203544031265e+00 -1.027716516219026710e+00
-3.270177431490716824e+00 -1.084556601165063361e+00
-3.252738700878400557e+00 -1.143843090721856415e+00
-3.229200148723711639e+00 -1.200983918321383292e+00
-3.208019920831515215e+00 -1.258967758253616953e+00
-3.185528614870316577e+00 -1.316466614928617052e+00
-3.161998245405441832e+00 -1.373559984703011549e+00
-3.119513957151628158e+00 -1.422058927162934028e+00
-3.117608601408294433e+00 -1.489205351505037855e+00
-3.078496505333474964e+00 -1.538843594499448963e+00
-3.045095058708659153e+00 -1.590948449260108921e+00
-3.018980351863830958e+00 -1.646804627086356110e+00
-2.989694807851456471e+00 -1.701014271468413552e+00
-2.952050032704533589e+00 -1.750323958166104976e+00
-2.927448126955509711e+00 -1.807381697865188430e+00
-2.892797623397268314e+00 -1.858369053888939693e+00
-2.859771013848896537e+00 -1.910372485869644255e+00
-2.815554727159494064e+00 -1.954669703868337383e+00
-2.778201777546216444e+00 -2.003427761325538459e+00
-2.742177563659964790e+00 -2.053101077836859467e+00
-2.707833677585215870e+00 -2.104122468479497243e+00
-2.666417995236371130e+00 -2.149635325177255307e+00
-2.637083230115764287e+00 -2.205078277578640389e+00
-2.584117991729846686e+00 -2.240650905971069307e+00
-2.547932397136283278e+00 -2.290502745930978357e+00
-2.509216389011240445e+00 -2.338310782278591571e+00
-2.530494394164731986e+00 -2.444281510215669861e+00
-2.513895709463483730e+00 -2.516839245038333672e+00
-2.490963784761349942e+00 -2.584869750705347080e+00
-2.445214862455853844e+00 -2.630098212131599222e+00
-2.403996700256362917e+00 -2.680484447970934436e+00
-2.354101856654563285e+00 -2.721387336111587896e+00
-2.297759599178560208e+00 -2.754465805509883403e+00
-2.239556468291993951e+00 -2.784619399319959943e+00
-2.200297593445318611e+00 -2.838452690169879666e+00
-2.111368425926607895e+00 -2.826890155573413832e+00
-2.016906254773084939e+00 -2.803802896351211604e+00
-1.969974236442101123e+00 -2.844700132736171838e+00
-1.909078969887993305e+00 -2.865087725913324057e+00
-1.849380044531696798e+00 -2.886226787022140972e+00
-1.795170639094406217e+00 -2.915296140180412721e+00
-1.748466086154515597e+00 -2.956798414518305940e+00
-1.691520069039069485e+00 -2.981118786586474556e+00
-1.634831765369455292e+00 -3.005391834186800892e+00
-1.588434141821957857e+00 -3.048970601987848639e+00
-1.529163797829122595e+00 -3.068103890449215498e+00
-1.476404690345780368e+00 -3.100133288316497371e+00
-1.420465437316630775e+00 -3.125704536340000672e+00
-1.362990040645104983e+00 -3.147740456288656841e+00
-1.305594345071467544e+00 -3.169723753809337019e+00
-1.248244344270776018e+00 -3.191673127955702238e+00
-1.190904847606881756e+00 -3.213604772602931980e+00
-1.133539614953280594e+00 -3.235532313504583701e+00
-1.076111495952828179e+00 -3.257466755915023437e+00
-1.021812473692623291e+00 -3.289815393571716484e+00
-9.639736967909013909e-01 -3.311898089594220718e+00
-9.065256977617486278e-01 -3.336107290599723996e+00
-8.504175326407686919e-01 -3.366834809751393820e+00
-7.879612926267461903e-01 -3.372916742649564981e+00
-7.286840738536238815e-01 -3.392385174680756510e+00
-6.889108926055261817e-01 -3.512523918439366621e+00
-6.521825838678187992e-01 -3.672394032107140660e+00
-5.913288444978872516e-01 -3.715103522398832681e+00
-5.271847170122618831e-01 -3.742829176905793975e+00
-4.590930101999811663e-01 -3.743810670459289724e+00
-3.871335681673605533e-01 -3.705252757571803723e+00
-3.118218906299596860e-01 -3.608826936459403889e+00
-2.436215732201838791e-01 -3.562542899963859089e+00
-1.762000931831905481e-01 -3.495539158665176949e+00
-1.147467280710735976e-01 -3.534745174204795060e+00
-5.096331608083211340e-02 -3.505339684115020837e+00
1.195142895822057585e-02 -3.540482656114603444e+00
7.534517821640598911e-02 -3.538622675025925091e+00
1.393152278134776600e-01 -3.551922047645068137e+00
2.024320243007867448e-01 -3.540385330163116073e+00
2.683090140085109265e-01 -3.569350577311150019e+00
3.351810669892923977e-01 -3.595935740337353970e+00
3.954226381773452426e-01 -3.552372739445926797e+00
4.628926884897349159e-01 -3.574853591651134366e+00
5.311846884837934102e-01 -3.595309424082777205e+00
5.887849030523273353e-01 -3.544788468107436419e+00
6.612058320231909425e-01 -3.582543414474157917e+00
7.247200446214978609e-01 -3.567408959761062537e+00
7.756289003958688477e-01 -3.495822820672376707e+00
8.314061335153688503e-01 -3.453467801859122055e+00
8.949743854233079832e-01 -3.445110556747907449e+00
9.599896314988005663e-01 -3.440887340528929972e+00
1.021696978926551758e+00 -3.423899409373413860e+00
1.078325159731758909e+00 -3.390778620398874121e+00
1.134701506705667828e+00 -3.358524301400149792e+00
1.201518559581135515e+00 -3.356769056904098214e+00
1.249272977192527057e+00 -3.302508245469443438e+00
1.302151520781524852e+00 -3.264366587306256395e+00
1.358776444932502159e+00 -3.236614370818551745e+00
1.412029596018991473e+00 -3.201543025404999909e+00
1.473173515317337756e+00 -3.184432843175946992e+00
1.526771303135563196e+00 -3.150915792216939515e+00
1.578897620099921850e+00 -3.115033778678734322e+00
1.628587467354187135e+00 -3.075197054483433945e+00
1.693087494445220775e+00 -3.063038978168517446e+00
1.750832530445364910e+00 -3.037685881908248842e+00
1.797013708507107399e+00 -2.992597217550129862e+00
1.853449818906221402e+00 -2.964918825022224702e+00
1.910091462506249727e+00 -2.937132930020443844e+00
1.966967937137749090e+00 -2.909209124875428820e+00
2.019781141379909606e+00 -2.874957957492763505e+00
2.069414497397139563e+00 -2.836206836828926825e+00
2.121138895229162991e+00 -2.800337897680475141e+00
2.171950239485425094e+00 -2.763154408469782997e+00
2.220582450507002648e+00 -2.723175733156819156e+00
2.270671801931611888e+00 -2.684933888135065061e+00
2.319721852023206132e+00 -2.645335959327174802e+00
2.378219348099900099e+00 -2.615993304884651316e+00
2.422904132739266192e+00 -2.571071887692077951e+00
2.467399630480178185e+00 -2.526061596938581566e+00
2.524692524205840005e+00 -2.493747610973647166e+00
2.571529719686583615e+00 -2.450576325361665475e+00
2.613269477328957091e+00 -2.402518010619837163e+00
2.657529843158257243e+00 -2.356781159821424776e+00
2.711511729497588785e+00 -2.319228905262654017e+00
2.756618952380775145e+00 -2.273585544228687194e+00
2.793293817729150863e+00 -2.220974069066769641e+00
2.834543410939575292e+00 -2.172050294134250326e+00
2.879940080050392925e+00 -2.126055099836431594e+00
2.925514118403951702e+00 -2.079781388212731397e+00
2.959858785988667140e+00 -2.025375100872769618e+00
3.004031157475833158e+00 -1.977540450023642427e+00
3.041490710685237353e+00 -1.925008005831657654e+00
3.082926868054912450e+00 -1.874744567704318410e+00
3.115815173170938035e+00 -1.819105334342961289e+00
3.146454119739865440e+00 -1.762191990784644391e+00
3.195384709083070263e+00 -1.715140626299489934e+00
3.228552393879168037e+00 -1.659148499865857662e+00
3.258185860568613368e+00 -1.601263469124741823e+00
3.291095377867813809e+00 -1.544874148531754976e+00
3.324113081214026266e+00 -1.488304448908264632e+00
3.357245715107169737e+00 -1.431510418723803468e+00
3.390496633324641795e+00 -1.374447295836756178e+00
3.410827542077398800e+00 -1.312054251255987181e+00
3.428749457102790110e+00 -1.248914335365929551e+00
3.467048661673548970e+00 -1.192966702200945361e+00
3.482969428180121785e+00 -1.129086241423067127e+00
3.499900881537424624e+00 -1.065684075905461770e+00
3.538162912216807232e+00 -1.008446140475504516e+00
3.543164451536361170e+00 -9.415868965828844139e-01
3.574010569248932789e+00 -8.815576708662914429e-01
3.586682740776669043e+00 -8.168174059797322917e-01
3.620602978748222789e+00 -7.565912358344347721e-01
3.619441131950475565e+00 -6.889259369206321981e-01
3.645419031345834782e+00 -6.264257068007950124e-01
3.650321380387525405e+00 -5.601470952439129292e-01
3.662051071963124294e+00 -4.949795436794224290e-01
3.670973405645787224e+00 -4.293792058308172344e-01
3.677459627040652546e+00 -3.634934034887220000e-01
3.697991251041651495e+00 -2.987431987118193688e-01
3.688777348477209728e+00 -2.315781532702675116e-01
3.705021288408520963e+00 -1.660346414351573652e-01
3.700138723758315873e+00 -9.944691744088920982e-02
3.700109026683097380e+00 -3.314161448617508610e-02
3.734313866562863016e+00 3.344798481437022408e-02
3.734321444480258378e+00 1.003656306187814401e-01
3.713936738725296394e+00 1.664341731736701802e-01
3.722850596262959666e+00 2.337172413888317368e-01
3.722915208116899688e+00 3.007566871588578383e-01
3.705777966804541634e+00 3.662924905612877091e-01
3.711397976106798779e+00 4.341075075760470470e-01
3.690598478547068240e+00 4.988381414997370977e-01
3.682594049346504583e+00 5.650993829713112371e-01
3.675503610186130476e+00 6.315954152490677043e-01
3.660592659915687719e+00 6.967587359428056848e-01
3.631616868284362809e+00 7.588927895657912037e-01
3.631064844429789051e+00 8.269248164751531460e-01
3.616700474445207814e+00 8.920874699995524626e-01
3.588596428176108244e+00 9.536603282496823875e-01
3.578739776236099068e+00 1.020011346184820367e+00
3.554660437377487714e+00 1.082357801430163802e+00
3.534962546125942406e+00 1.145941030226651947e+00
3.501143151445003543e+00 1.204698176141739463e+00
3.491219065964110246e+00 1.271668750935720293e+00
3.457485531173296600e+00 1.330002333412919846e+00
3.447402377312105859e+00 1.397515876755670350e+00
3.409137829452119295e+00 1.453636920218805750e+00
3.375193072305459285e+00 1.511174482548582443e+00
3.337242327841023926e+00 1.566536003282799294e+00
3.322053971183142718e+00 1.632652001500001004e+00
3.286703573769170994e+00 1.689032308802286275e+00
3.260016855393633950e+00 1.749832292560231206e+00
3.226658600722645431e+00 1.807111029370400246e+00
3.193311192945240684e+00 1.864349809745627917e+00
3.146017557644151807e+00 1.913110358604438677e+00
3.110949327686874710e+00 1.968969472928175035e+00
3.075882568992695187e+00 2.024839917045578197e+00
3.026689090289096384e+00 2.071105807673579768e+00
2.992574665957202562e+00 2.127455497117972882e+00
2.958844513900024786e+00 2.184304636049974047e+00
2.922414355548879072e+00 2.239383929014526320e+00
2.867210045554602349e+00 2.279745553914370504e+00
2.828715007619650557e+00 2.333048441284320873e+00
2.779183264829015343e+00 2.377110189380585936e+00
2.733111535374253442e+00 2.423809384810386991e+00
2.690053413010047745e+00 2.473109578003333642e+00
2.638095968512299105e+00 2.514011592001445639e+00
2.592195864206273459e+00 2.560423569033839275e+00
2.535820846091593861e+00 2.596109514202078472e+00
2.492402758696022680e+00 2.644820560211216698e+00
2.446068720492397652e+00 2.690626245728065857e+00
2.394940912040315784e+00 2.731113348593267265e+00
2.342699261923343990e+00 2.770102060850993198e+00
2.286070944053661957e+00 2.803486498643839031e+00
2.236532932718333644e+00 2.845316490396508691e+00
2.176629494978530310e+00 2.873596857663097026e+00
2.121749707453308709e+00 2.907934120442181136e+00
2.061182200631086925e+00 2.933888255585107352e+00
2.004721951169252669e+00 2.965048531328061454e+00
1.952757938339591881e+00 3.002740841284340156e+00
1.898424756221512855e+00 3.036864143929755677e+00
1.831445715799850493e+00 3.049937419648274695e+00
1.784194752216038182e+00 3.095569173599255652e+00
1.718312249820286297e+00 3.108674191459079861e+00
1.666984195461193918e+00 3.147700071695219481e+00
1.605722994326824082e+00 3.167958012510447841e+00
1.545717224972855908e+00 3.190015953578783314e+00
1.487632004092857008e+00 3.215686518347772971e+00
1.429550102285918722e+00 3.241267868849215805e+00
1.369952848798219103e+00 3.263236637859434630e+00
1.304407978128936829e+00 3.270023305324881058e+00
1.248297171812870143e+00 3.299928660886157328e+00
1.189773909292646037e+00 3.323957180334917272e+00
1.122927689866527023e+00 3.323675797418438993e+00
1.067398511610258893e+00 3.356419925798621140e+00
9.999549144482096086e-01 3.351037647753876136e+00
9.392772605964330168e-01 3.366648064924438799e+00
8.774249148521852115e-01 3.377555700078681333e+00
8.154153338571845655e-01 3.387045737455997241e+00
7.546455096901163451e-01 3.401248964480569459e+00
6.929242189661425355e-01 3.410895124980702686e+00
6.300313087748113938e-01 3.413633708065324512e+00
5.687569379041961248e-01 3.424209799176385349e+00
5.061908016673856148e-01 3.426138966492999760e+00
4.443981989517925557e-01 3.432023311557127698e+00
3.814411032139246593e-01 3.426766315168861432e+00
3.201577866350804324e-01 3.434760912510513187e+00
2.575668203406078494e-01 3.426445743078145867e+00
1.959212381655605628e-01 3.426516530003681282e+00
1.343953649621835167e-01 3.426487307974739327e+00
7.295656300948906436e-02 3.426440208500582063e+00
1.158475283842019810e-02 3.431858788031984187e+00
-5.014785354285739710e-02 3.449250845807413590e+00
-1.109205350754166874e-01 3.416880225422986861e+00
-1.732933098796039240e-01 3.437873043512287285e+00
-2.343139534409936220e-01 3.426435106546250609e+00
-2.953967260873440748e-01 3.418732597292195141e+00
-3.563617360588635097e-01 3.410735760982487097e+00
-4.162405184029590588e-01 3.394357264545779795e+00
-4.765763064769835133e-01 3.383526963780624452e+00
-5.372825556508272760e-01 3.375550395679985716e+00
-5.980457028030925493e-01 3.367553081341583709e+00
-6.564868581912880474e-01 3.347204720216829354e+00
-7.148899062771784108e-01 3.328166494374044770e+00
-7.772674611000610634e-01 3.327141139536879955e+00
-8.358650068010735623e-01 3.309220815817431660e+00
-8.961624265599891226e-01 3.297969392583131487e+00
-9.508446064106751416e-01 3.266790832525749977e+00
-1.007889228914031321e+00 3.244988278831614892e+00
-1.064800917649762813e+00 3.223228823367159546e+00
-1.122997471828920180e+00 3.205441221598752222e+00
-1.179660592461439839e+00 3.183262640674944688e+00
-1.238225576686414309e+00 3.166055842829586187e+00
-1.294935933916749216e+00 3.143847248490120982e+00
-1.348794951818172994e+00 3.114957784333102886e+00
-1.405041375053873276e+00 3.091764209376062666e+00
-1.461362001864691340e+00 3.068546867864878624e+00
-1.511145185509581879e+00 3.031951468689969342e+00
-1.567986833737224250e+00 3.009722363991249150e+00
-1.625037810478185296e+00 2.987387124052012233e+00
-1.675469447939465617e+00 2.952831325519818417e+00
-1.726931842903067338e+00 2.920382257060095021e+00
-1.784399512972757007e+00 2.897804197228578627e+00
-1.831097508944336871e+00 2.857694228718100860e+00
-1.886282059058455918e+00 2.830874814642141413e+00
-1.932722004644647162e+00 2.790906825809306824e+00
-1.983620167753502361e+00 2.757530231484986327e+00
-2.031236200310809537e+00 2.719601916838824351e+00
-2.083454816832687406e+00 2.687721855126909087e+00
-2.126820184587726814e+00 2.644445375108119389e+00
-2.173039881044766197e+00 2.604956605768022460e+00
-2.218784088698419144e+00 2.564957375774155501e+00
-2.273707415746199612e+00 2.535210371334509105e+00
-2.307857998675444833e+00 2.482355759147312657e+00
-2.354523610176337378e+00 2.443285966058089898e+00
-2.406881818383815208e+00 2.409700050751288014e+00
-2.449135715944395830e+00 2.365694688079989838e+00
-2.491848753069612510e+00 2.322126075944435986e+00
-2.537232367077228545e+00 2.280883790475423112e+00
-2.582767788579880541e+00 2.239480164572687837e+00
-2.616924794995781678e+00 2.188222181841722680e+00
-2.651734216724243254e+00 2.137797432898868255e+00
-2.691646154289856874e+00 2.091543951653756839e+00
-2.720195460150462985e+00 2.036642814518473621e+00
-2.772530014265357057e+00 1.999337717145023063e+00
-2.803006946039492853e+00 1.945958536804363259e+00
-2.842677534842581011e+00 1.898953770237055583e+00
-2.873086673018253823e+00 1.845706495018304638e+00
-2.909967757769496899e+00 1.796589465870425784e+00
-2.943371789284165541e+00 1.745178470384667779e+00
-2.977399331335179422e+00 1.694018647375356901e+00
-3.000023577906642203e+00 1.636464015545752382e+00
-3.032251717002199864e+00 1.584238282852402202e+00
-3.090472131285983970e+00 1.544829833319342871e+00
-3.118446231116763556e+00 1.489605466722794480e+00
-3.142698733289267743e+00 1.432627919106441272e+00
-3.161998245405446273e+00 1.373559984703011772e+00
-3.189010697480154199e+00 1.317905636849461493e+00
-3.239648193950221522e+00 1.271380080211816921e+00
-3.238158488532406842e+00 1.204315648022110441e+00
-3.260286239352884419e+00 1.146497223294405066e+00
-3.304402155686680054e+00 1.095907254555406718e+00
-3.304519853903054472e+00 1.030621278989245049e+00
-3.337143631929980980e+00 9.755592415534325434e-01
-3.324644218684211339e+00 9.075899895830434883e-01
-3.369292503924945503e+00 8.552339232074267494e-01
-3.398494580756283856e+00 7.981318234265384337e-01
-3.418505772546523769e+00 7.384808115868204403e-01
-3.435123363121685980e+00 6.779057753173499679e-01
-3.418994765167436167e+00 6.113092841791858412e-01
-3.385828780037890784e+00 5.429818607746951242e-01
-3.403606774237455834e+00 4.834672485809706211e-01
-3.403755059789734361e+00 4.214365668950313393e-01
-3.407183549787779153e+00 3.600217703327244778e-01
-3.425686096222847699e+00 3.000366940054786657e-01
-3.415017261144571492e+00 2.375484890958777517e-01
-3.426442910905904249e+00 1.767372714551506685e-01
-3.426484567073833976e+00 1.152464394086193944e-01
-3.434689362261466261e+00 5.395641214924131596e-02
-3.449267433671388439e+00 -5.418542279514640403e-02
