-3.914151491992905463e+00 -6.148840516322065519e-02
-3.928134817952008806e+00 -1.321189523618961636e-01
-3.989844597795206838e+00 -2.057977518026036512e-01
-4.016851805450783353e+00 -2.794120803322345248e-01
-3.981599237756972443e+00 -3.487260182620138815e-01
-3.946725361748413707e+00 -4.170327283489718151e-01
-3.891708577033300642e+00 -4.818526225451107425e-01
-3.797063025787476231e+00 -5.393559642850636049e-01
-3.696452280232325638e+00 -5.927962303406721922e-01
-3.662229724997157376e+00 -6.547991984357770523e-01
-3.557447512845537396e+00 -7.020458829038317417e-01
-3.513796400746527215e+00 -7.590659166391180435e-01
-3.383159438575228606e+00 -7.945303861722994299e-01
-3.346564971545776146e+00 -8.494649504456950329e-01
-3.324644218684211339e+00 -9.075899895830434883e-01
-3.292053743708283964e+00 -9.623779518018007462e-01
-3.295206203544031265e+00 -1.027716516219026710e+00
-3.270177431490716824e+00 -1.084556601165063361e+00
-3.252738700878400557e+00 -1.143843090721856415e+00
-3.229200148723711639e+00 -1.200983918321383292e+00
-3.208019920831515215e+00 -1.258967758253616953e+00
-3.185528614870316577e+00 -1.316466614928617052e+00
-3.161998245405441832e+00 -1.373559984703011549e+00
-3.119513957151628158e+00 -1.422058927162934028e+00
-3.117608601408294433e+00 -1.489205351505037855e+00
-3.078496505333474964e+00 -1.538843594499448963e+00
-3.045095058708659153e+00 -1.590948449260108921e+00
-3.018980351863830958e+00 -1.646804627086356110e+00
-2.989694807851456471e+00 -1.701014271468413552e+00
-2.952050032704533589e+00 -1.750323958166104976e+00
-2.927448126955509711e+00 -1.807381697865188430e+00
-2.892797623397268314e+00 -1.858369053888939693e+00
-2.859771013848896537e+00 -1.910372485869644255e+00
-2.815554727159494064e+00 -1.954669703868337383e+00
-2.778201777546216444e+00 -2.003427761325538459e+00
-2.742177563659964790e+00 -2.053101077836859467e+00
-2.707833677585215870e+00 -2.104122468479497243e+00
-2.707145229195804248e+00 -2.182469149796037566e+00
-2.680168517622653290e+00 -2.241105366325665482e+00
-2.703255911895448005e+00 -2.343953653604456733e+00
-2.801228177359488036e+00 -2.518206856442724906e+00
-3.014812212065260066e+00 -2.809469893824207087e+00
-3.021562883649405507e+00 -2.918619501979182296e+00
-3.122326150088936103e+00 -3.125982100518571283e+00
-3.117683344881214236e+00 -3.235215790675736613e+00
-3.069684396779132740e+00 -3.301784054947369373e+00
-3.003570779689272996e+00 -3.349016561661031233e+00
-2.953656729425368166e+00 -3.414484380086216575e+00
-2.878520162228387580e+00 -3.450659224822024473e+00
-2.838949508641551045e+00 -3.529892631589776286e+00
-2.643124550710491238e+00 -3.409713310493923011e+00
-2.452532476597307998e+00 -3.283671304914175693e+00
-2.098139252059990412e+00 -2.916728974364659610e+00
-2.041500385825908204e+00 -2.947985974186415170e+00
-1.935447457815415939e+00 -2.904660751599204449e+00
-1.871556790523409397e+00 -2.920836827570337135e+00
-1.811336934345626482e+00 -2.941549654537507053e+00
-1.748466086154515597e+00 -2.956798414518305940e+00
-1.691520069039069485e+00 -2.981118786586474556e+00
-1.634831765369455292e+00 -3.005391834186800892e+00
-1.588434141821957857e+00 -3.048970601987848639e+00
-1.529163797829122595e+00 -3.068103890449215498e+00
-1.476404690345780368e+00 -3.100133288316497371e+00
-1.424068548827478686e+00 -3.133633107988791799e+00
-1.373106014922287565e+00 -3.171102667704370770e+00
-1.338663965729341321e+00 -3.250010224507085432e+00
-1.289289848402293881e+00 -3.296623599521021131e+00
-1.237280858477314283e+00 -3.338748414571465872e+00
-1.201505787865534858e+00 -3.429532369419614479e+00
-1.157115340204914800e+00 -3.502671208004676906e+00
-1.099895072234651883e+00 -3.541209207277419058e+00
-1.048849462286213896e+00 -3.603503437885945626e+00
-9.984360600727532065e-01 -3.674346824839591186e+00
-9.283040131443466292e-01 -3.675190298324370719e+00
-8.687610622414286832e-01 -3.718785122588738723e+00
-8.036576344449785081e-01 -3.741424222697924407e+00
-7.374350311481073783e-01 -3.759932108790158711e+00
-6.713322255903294566e-01 -3.780224311109180224e+00
-6.095702945315948362e-01 -3.829707901847688500e+00
-5.388591867180060335e-01 -3.825713874488076538e+00
-4.677322143947144073e-01 -3.814261633836907084e+00
-3.997118758503985236e-01 -3.825639655170967490e+00
-3.266063004595085029e-01 -3.779932230974620389e+00
-2.585093550322894451e-01 -3.780250883250675820e+00
-1.931855553236114797e-01 -3.832504633355008128e+00
-1.241871426708860832e-01 -3.825554860111575639e+00
-5.637389307637070968e-02 -3.877487960854700155e+00
1.355995925634504232e-02 -4.016992506296772625e+00
8.732110870953044279e-02 -4.101078033161596359e+00
1.623037819199045495e-01 -4.138028487376273823e+00
2.413338370185622028e-01 -4.220749059856994556e+00
3.206660743170748895e-01 -4.265863529472941451e+00
3.960475830959679366e-01 -4.248932291198043387e+00
4.753082320811376493e-01 -4.270043855511376663e+00
5.543470539868834424e-01 -4.281142489918982719e+00
6.309291141639907785e-01 -4.270426914143259367e+00
7.069763599289003997e-01 -4.256361932700258421e+00
7.829591965603258652e-01 -4.242227121403841394e+00
8.498203534518150581e-01 -4.183210835122785021e+00
9.220976513485942272e-01 -4.155969447280262408e+00
9.920637579713136311e-01 -4.120802225813697817e+00
1.043090042879354362e+00 -4.015266332636544533e+00
1.114903730365501611e+00 -3.996145381001364516e+00
1.180988485770550156e+00 -3.957715313159672732e+00
1.201811968263040153e+00 -3.779081189888504166e+00
1.249883199991617566e+00 -3.699442607836860297e+00
1.295897417853200562e+00 -3.620442080135673368e+00
1.352680886765131651e+00 -3.575871617802803382e+00
1.400481672532590149e+00 -3.510870666730348422e+00
1.464158437403695112e+00 -3.487634965508577434e+00
1.523177637375076721e+00 -3.453552783270029458e+00
1.574416586519641337e+00 -3.403281307208486428e+00
1.591497329033377595e+00 -3.284495888168452726e+00
1.613478727599767071e+00 -3.183259429661298601e+00
1.666984195461186147e+00 -3.147700071695198609e+00
1.693087494445220775e+00 -3.063038978168517446e+00
1.750832530445364910e+00 -3.037685881908248842e+00
1.797013708507107399e+00 -2.992597217550129862e+00
1.853449818906221402e+00 -2.964918825022224702e+00
1.910091462506249727e+00 -2.937132930020443844e+00
1.966967937137749090e+00 -2.909209124875428820e+00
2.019781141379909606e+00 -2.874957957492763505e+00
2.069414497397139563e+00 -2.836206836828926825e+00
2.121138895229162991e+00 -2.800337897680475141e+00
2.171950239485425094e+00 -2.763154408469782997e+00
2.220582450507002648e+00 -2.723175733156819156e+00
2.270671801931611888e+00 -2.684933888135065061e+00
2.319721852023206132e+00 -2.645335959327174802e+00
2.378219348099900099e+00 -2.615993304884651316e+00
2.422904132739266192e+00 -2.571071887692077951e+00
2.467399630480178185e+00 -2.526061596938581566e+00
2.524692524205840005e+00 -2.493747610973647166e+00
2.571529719686583615e+00 -2.450576325361665475e+00
2.613269477328957091e+00 -2.402518010619837163e+00
2.657529843158257243e+00 -2.356781159821424776e+00
2.711511729497588785e+00 -2.319228905262654017e+00
2.756618952380775145e+00 -2.273585544228687194e+00
2.793293817729150863e+00 -2.220974069066769641e+00
2.834543410939575292e+00 -2.172050294134250326e+00
2.879940080050392925e+00 -2.126055099836431594e+00
2.925514118403951702e+00 -2.079781388212731397e+00
2.959858785988667140e+00 -2.025375100872769618e+00
3.004031157475833158e+00 -1.977540450023642427e+00
3.076219909383445028e+00 -1.946988669884090806e+00
3.089210289487131611e+00 -1.878565550394083461e+00
3.181109194077523572e+00 -1.857225920812469955e+00
3.206743155352605346e+00 -1.795957255316034784e+00
3.260016855393638391e+00 -1.749832292560231872e+00
3.361431632749755760e+00 -1.727434952411408098e+00
3.467758239514145302e+00 -1.704259617565605067e+00
3.528353176889169607e+00 -1.656245408906195760e+00
3.575606109804282173e+00 -1.600905369567555470e+00
3.698982803841802447e+00 -1.577225163637060890e+00
3.755487087805565061e+00 -1.522407962789437130e+00
3.834936516108826243e+00 -1.475197645493631748e+00
3.867427843945174804e+00 -1.408701958462075465e+00
3.889884279616416141e+00 -1.338458981639247813e+00
3.922574558833445302e+00 -1.271594556501504325e+00
3.930194635730803743e+00 -1.196704129708822562e+00
3.936325768794190161e+00 -1.121930399385615340e+00
3.911195531929426483e+00 -1.039390215501116099e+00
3.861586648191234428e+00 -9.524905608052576245e-01
3.777049496917253002e+00 -8.601708027459755712e-01
3.620822770195712970e+00 -7.566371652787451385e-01
3.621527463245853173e+00 -6.893230500908692493e-01
3.645419031345834782e+00 -6.264257068007950124e-01
3.650321380387525405e+00 -5.601470952439129292e-01
3.662051071963124294e+00 -4.949795436794224290e-01
3.670973405645787224e+00 -4.293792058308172344e-01
3.677459627040652546e+00 -3.634934034887220000e-01
3.697991251041651495e+00 -2.987431987118193688e-01
3.688777348477209728e+00 -2.315781532702675116e-01
3.705021288408520963e+00 -1.660346414351573652e-01
3.700138723758315873e+00 -9.944691744088920982e-02
3.700109026683097380e+00 -3.314161448617508610e-02
3.734313866562863016e+00 3.344798481437022408e-02
3.734321444480258378e+00 1.003656306187814401e-01
3.713936738725296394e+00 1.664341731736701802e-01
3.722850596262959666e+00 2.337172413888317368e-01
3.722915208116899688e+00 3.007566871588578383e-01
3.705777966804541634e+00 3.662924905612877091e-01
3.711397976106798779e+00 4.341075075760470470e-01
3.690598478547068240e+00 4.988381414997370977e-01
3.682594049346504583e+00 5.650993829713112371e-01
3.675503610186130476e+00 6.315954152490677043e-01
3.660592659915687719e+00 6.967587359428056848e-01
3.631616868284362809e+00 7.588927895657912037e-01
3.631064844429789051e+00 8.269248164751531460e-01
3.616700474445207814e+00 8.920874699995524626e-01
3.588596428176108244e+00 9.536603282496823875e-01
3.578739776236099068e+00 1.020011346184820367e+00
3.554660437377487714e+00 1.082357801430163802e+00
3.534962546125942406e+00 1.145941030226651947e+00
3.501143151445003543e+00 1.204698176141739463e+00
3.491219065964110246e+00 1.271668750935720293e+00
3.457485531173296600e+00 1.330002333412919846e+00
3.447402377312105859e+00 1.397515876755670350e+00
3.409137829452119295e+00 1.453636920218805750e+00
3.375193072305459285e+00 1.511174482548582443e+00
3.337242327841023926e+00 1.566536003282799294e+00
3.322053971183142718e+00 1.632652001500001004e+00
3.293403255680704689e+00 1.692475265842157572e+00
3.310224512958701126e+00 1.776781533756885301e+00
3.533935590207652133e+00 1.979203495752101416e+00
3.343302380890402770e+00 1.951919115025634310e+00
3.627799978273901882e+00 2.206084864503413900e+00
3.578712196280094737e+00 2.265024056856153933e+00
3.540263897392911474e+00 2.330540095574611392e+00
3.492873228201611724e+00 2.390106751171112709e+00
3.472167943983945904e+00 2.468403834122111284e+00
3.414306561260194606e+00 2.520539898470812279e+00
3.369352727854159735e+00 2.581863292455915282e+00
3.300244165721287093e+00 2.624055037509342103e+00
3.122517596559234221e+00 2.575368954423465251e+00
2.994416234519270414e+00 2.561204736802533244e+00
2.958741686654749792e+00 2.623905308848469620e+00
2.796921387648799495e+00 2.571359006948753301e+00
2.681495081043871131e+00 2.555369402061886674e+00
2.592195864206273459e+00 2.560423569033839275e+00
2.535820846091593861e+00 2.596109514202078472e+00
2.492402758696022680e+00 2.644820560211216698e+00
2.446068720492397652e+00 2.690626245728065857e+00
2.394940912040315784e+00 2.731113348593267265e+00
2.342699261923343990e+00 2.770102060850993198e+00
2.286070944053661957e+00 2.803486498643839031e+00
2.236532932718333644e+00 2.845316490396508691e+00
2.176629494978530310e+00 2.873596857663097026e+00
2.121749707453308709e+00 2.907934120442181136e+00
2.061182200631086925e+00 2.933888255585107352e+00
2.004721951169252669e+00 2.965048531328061454e+00
1.952757938339591881e+00 3.002740841284340156e+00
1.898424756221512855e+00 3.036864143929755677e+00
1.831445715799850493e+00 3.049937419648274695e+00
1.784194752216038182e+00 3.095569173599255652e+00
1.718312249820286297e+00 3.108674191459079861e+00
1.666984195461193918e+00 3.147700071695219481e+00
1.605722994326824082e+00 3.167958012510447841e+00
1.545717224972855908e+00 3.190015953578783314e+00
1.487632004092857008e+00 3.215686518347772971e+00
1.429550102285918722e+00 3.241267868849215805e+00
1.369952848798219103e+00 3.263236637859434630e+00
1.304407978128936829e+00 3.270023305324881058e+00
1.248297171812870143e+00 3.299928660886157328e+00
1.189773909292646037e+00 3.323957180334917272e+00
1.122927689866527023e+00 3.323675797418438993e+00
1.067398511610258893e+00 3.356419925798621140e+00
9.999549144482096086e-01 3.351037647753876136e+00
9.392772605964330168e-01 3.366648064924438799e+00
8.774249148521852115e-01 3.377555700078681333e+00
8.154153338571845655e-01 3.387045737455997241e+00
7.546455096901163451e-01 3.401248964480569459e+00
6.929242189661425355e-01 3.410895124980702686e+00
6.315447226322110641e-01 3.421833682393456755e+00
5.744390870709022989e-01 3.458419264697304651e+00
5.140473167184258507e-01 3.479315579478738929e+00
4.496748681640380663e-01 3.472774268213833171e+00
3.878308574319048185e-01 3.484170182586113995e+00
3.257072481458958557e-01 3.494297410695254680e+00
2.672582696059968566e-01 3.555372384466723990e+00
2.017821628267128520e-01 3.529019737009621682e+00
1.394036420002043863e-01 3.554176218306048796e+00
7.611305300792098327e-02 3.574686285374438111e+00
1.206690014878833601e-02 3.574689757953525060e+00
-5.230317396404995239e-02 3.597497286294262242e+00
-1.167838268742768942e-01 3.597497509587625153e+00
-1.784318755433874637e-01 3.539814292081620462e+00
-2.352635088856971646e-01 3.440320707738856232e+00
-2.953967260873440748e-01 3.418732597292195141e+00
-3.563617360588635097e-01 3.410735760982487097e+00
-4.162405184029590588e-01 3.394357264545779795e+00
-4.765763064769835133e-01 3.383526963780624452e+00
-5.372825556508272760e-01 3.375550395679985716e+00
-5.980457028030925493e-01 3.367553081341583709e+00
-6.564868581912880474e-01 3.347204720216829354e+00
-7.148899062771784108e-01 3.328166494374044770e+00
-7.772674611000610634e-01 3.327141139536879955e+00
-8.358650068010735623e-01 3.309220815817431660e+00
-8.961624265599891226e-01 3.297969392583131487e+00
-9.508446064106751416e-01 3.266790832525749977e+00
-1.007889228914031321e+00 3.244988278831614892e+00
-1.064800917649762813e+00 3.223228823367159546e+00
-1.122997471828920180e+00 3.205441221598752222e+00
-1.179660592461439839e+00 3.183262640674944688e+00
-1.238225576686414309e+00 3.166055842829586187e+00
-1.294935933916749216e+00 3.143847248490120982e+00
-1.348794951818172994e+00 3.114957784333102886e+00
-1.405041375053873276e+00 3.091764209376062666e+00
-1.461362001864691340e+00 3.068546867864878624e+00
-1.511145185509581879e+00 3.031951468689969342e+00
-1.567986833737224250e+00 3.009722363991249150e+00
-1.625037810478185296e+00 2.987387124052012233e+00
-1.675469447939465617e+00 2.952831325519818417e+00
-1.726931842903067338e+00 2.920382257060095021e+00
-1.784399512972757007e+00 2.897804197228578627e+00
-1.831097508944336871e+00 2.857694228718100860e+00
-1.886282059058455918e+00 2.830874814642141413e+00
-1.932722004644647162e+00 2.790906825809306824e+00
-1.983620167753502361e+00 2.757530231484986327e+00
-2.031236200310809537e+00 2.719601916838824351e+00
-2.083454816832687406e+00 2.687721855126909087e+00
-2.126820184587726814e+00 2.644445375108119389e+00
-2.173039881044766197e+00 2.604956605768022460e+00
-2.218784088698419144e+00 2.564957375774155501e+00
-2.273707415746199612e+00 2.535210371334509105e+00
-2.307857998675444833e+00 2.482355759147312657e+00
-2.354523610176337378e+00 2.443285966058089898e+00
-2.406881818383815208e+00 2.409700050751288014e+00
-2.469298009429317098e+00 2.385170060672151759e+00
-2.527480269774088573e+00 2.355330689171056591e+00
-2.567987744785530158e+00 2.308531807028839200e+00
-2.616157917617036865e+00 2.268432256975988714e+00
-2.663404943357974286e+00 2.227087987942049541e+00
-2.686955699640152684e+00 2.166192584752939965e+00
-2.720517269748110589e+00 2.113978255218498692e+00
-2.763087088747112841e+00 2.068756288886058226e+00
-2.780399638518254335e+00 2.005012691449222118e+00
-2.828100652682289606e+00 1.963379582703165038e+00
-2.882733908483252172e+00 1.925712064420848524e+00
-2.907671684483586816e+00 1.867924335117360446e+00
-2.964404427271114972e+00 1.830198204909734283e+00
-3.009239692996204418e+00 1.784232744080610500e+00
-3.069597082591683179e+00 1.746475403253162861e+00
-3.103080693944149981e+00 1.692679994374487018e+00
-3.132540617718384546e+00 1.636635488192874188e+00
-3.204503181832899283e+00 1.601830369588964187e+00
-3.233211406330585902e+00 1.544425983004932723e+00
-3.288396419609196819e+00 1.499045540038460356e+00
-3.326189614071188849e+00 1.444884089376563319e+00
-3.330929010315139660e+00 1.376555469728724335e+00
-3.339379240865769649e+00 1.310518918393036580e+00
-3.369088018268461493e+00 1.253010139662255940e+00
-3.371087706733272515e+00 1.185461156324338905e+00
-3.385078103350321221e+00 1.122663488254311392e+00
-3.447919423100933134e+00 1.075345067602185400e+00
-3.445040582649161465e+00 1.007101146553385007e+00
-3.450063484501430189e+00 9.418280200817212844e-01
-3.482967269483761008e+00 8.840882051094280936e-01
-3.471215166101052851e+00 8.152101538468712327e-01
-3.504672165996431055e+00 7.570948588929320433e-01
-3.517754554056368388e+00 6.942126602919457268e-01
-3.533027457977669261e+00 6.316980968574160693e-01
-3.519447529818183540e+00 5.644101615257093307e-01
-3.546406470818865397e+00 5.037513122181042080e-01
-3.545097696865434855e+00 4.389369318386689423e-01
-3.558382141431726264e+00 3.759982458703746699e-01
-3.552894357438614481e+00 3.111781544526127097e-01
-3.589345363837350700e+00 2.496747462228304237e-01
-3.608985940372405832e+00 1.861529126287947977e-01
-3.609171130652869319e+00 1.213909223526239978e-01
-3.667252437979639623e+00 5.760980488455492293e-02
-3.914151491992905463e+00 -6.148840516322065519e-02
