-4.228880208424025788e+00 -6.643255892732648216e-02
-4.270208511315240152e+00 -1.436242647027993202e-01
-4.315160462994938051e+00 -2.225776719330317677e-01
-4.326456173858463039e+00 -3.009481500820194166e-01
-4.292957818756542032e+00 -3.759961757339291832e-01
-4.245621228898221133e+00 -4.486157110864623099e-01
-4.194960809189052675e+00 -5.193998541696068783e-01
-4.119114011298884215e+00 -5.851018786035220298e-01
-4.021057644096592831e+00 -6.448528569272342637e-01
-3.863334320278818179e+00 -6.907562895197572050e-01
-3.614488765461231434e+00 -7.133027114051448958e-01
-3.561495964076139664e+00 -7.693701883249749462e-01
-3.425451372134099781e+00 -8.044625891655623473e-01
-3.346752444106606994e+00 -8.495125369623023337e-01
-3.324644218684211339e+00 -9.075899895830434883e-01
-3.292053743708283964e+00 -9.623779518018007462e-01
-3.295206203544031265e+00 -1.027716516219026710e+00
-3.270177431490716824e+00 -1.084556601165063361e+00
-3.252738700878400557e+00 -1.143843090721856415e+00
-3.229200148723711639e+00 -1.200983918321383292e+00
-3.208019920831515215e+00 -1.258967758253616953e+00
-3.185528614870316577e+00 -1.316466614928617052e+00
-3.161998245405441832e+00 -1.373559984703011549e+00
-3.119513957151628158e+00 -1.422058927162934028e+00
-3.117608601408294433e+00 -1.489205351505037855e+00
-3.078496505333474964e+00 -1.538843594499448963e+00
-3.045095058708659153e+00 -1.590948449260108921e+00
-3.018980351863830958e+00 -1.646804627086356110e+00
-2.989694807851456471e+00 -1.701014271468413552e+00
-2.952050032704533589e+00 -1.750323958166104976e+00
-2.927448126955509711e+00 -1.807381697865188430e+00
-2.892797623397268314e+00 -1.858369053888939693e+00
-2.859771013848896537e+00 -1.910372485869644255e+00
-2.815554727159494064e+00 -1.954669703868337383e+00
-2.778201777546216444e+00 -2.003427761325538459e+00
-2.765833674516668950e+00 -2.070812690440276604e+00
-2.752797017432970783e+00 -2.139061236844291614e+00
-2.763985380026071859e+00 -2.228293021496361881e+00
-2.800043190687782069e+00 -2.341342262373937722e+00
-2.874258017404732524e+00 -2.492227077596156359e+00
-2.955186122776658042e+00 -2.656609703053673499e+00
-3.094497922791661804e+00 -2.883728119380633004e+00
-3.356741573022611114e+00 -3.242378793816567573e+00
-3.388037027031633119e+00 -3.392004099921902327e+00
-3.347135088534419101e+00 -3.473317554757621828e+00
-3.312054976851765531e+00 -3.562480339396621787e+00
-3.243133726902661440e+00 -3.616132050732664194e+00
-3.163243472377010868e+00 -3.656770713820317820e+00
-3.050536129502797067e+00 -3.656865348399292781e+00
-2.946013227074457230e+00 -3.663013502410672473e+00
-2.750165872510667242e+00 -3.547799962375997040e+00
-2.562308922391643762e+00 -3.430649894779965958e+00
-2.290541806709846639e+00 -3.184197449270713687e+00
-2.052630201698134815e+00 -2.964057752234758869e+00
-1.961080646083551482e+00 -2.943130261892626276e+00
-1.864362769742815784e+00 -2.909609510856967507e+00
-1.811336934345626482e+00 -2.941549654537507053e+00
-1.748466086154515597e+00 -2.956798414518305940e+00
-1.691520069039069485e+00 -2.981118786586474556e+00
-1.634831765369455292e+00 -3.005391834186800892e+00
-1.588434141821957857e+00 -3.048970601987848639e+00
-1.529163797829122595e+00 -3.068103890449215498e+00
-1.476404690345780368e+00 -3.100133288316497371e+00
-1.424068548827478686e+00 -3.133633107988791799e+00
-1.373106014922287565e+00 -3.171102667704370770e+00
-1.338663965729341321e+00 -3.250010224507085432e+00
-1.292973668389588493e+00 -3.306042868525234102e+00
-1.237280858477314283e+00 -3.338748414571465872e+00
-1.201505787865534858e+00 -3.429532369419614479e+00
-1.158681647833685657e+00 -3.507412533647462638e+00
-1.110588359691578209e+00 -3.575637189504484059e+00
-1.053708699692607942e+00 -3.620198187064990858e+00
-9.984360600727532065e-01 -3.674346824839591186e+00
-9.398174153930606289e-01 -3.720772288325527644e+00
-8.823352193526833309e-01 -3.776890136396306996e+00
-8.257345727097874510e-01 -3.844203301806663919e+00
-7.523886504637686823e-01 -3.836175562155865748e+00
-6.819560386453809020e-01 -3.840046251508466124e+00
-6.143361167420280378e-01 -3.859649825103844023e+00
-5.458424918698562278e-01 -3.875292926061707721e+00
-4.747324795479182513e-01 -3.871347380721166687e+00
-4.068649080339340474e-01 -3.894101277728035715e+00
-3.374480818065077603e-01 -3.905408067469644529e+00
-2.670702972439955580e-01 -3.905439812499359231e+00
-1.984924871499759158e-01 -3.937786007934854560e+00
-1.302970247078330257e-01 -4.013768296852724404e+00
-5.913706719722942873e-02 -4.067543566431917945e+00
1.426088249251429053e-02 -4.224633497980700980e+00
9.092313625283671152e-02 -4.270248995956346327e+00
1.690107359479804394e-01 -4.309026146847926064e+00
2.524183969333927413e-01 -4.414609756796276763e+00
3.392852165031711720e-01 -4.513556459792729569e+00
4.300601478778693920e-01 -4.613830578617381661e+00
5.171597948974895331e-01 -4.646027262878504871e+00
6.119197291345402911e-01 -4.725767971483763930e+00
6.999857255972029568e-01 -4.737834750370122805e+00
7.876354969643344361e-01 -4.741971494576700863e+00
8.772383105438353867e-01 -4.753049928109263966e+00
9.641766920450640654e-01 -4.746125894435227366e+00
1.059373438363388376e+00 -4.774682634381915314e+00
1.149397015886784557e+00 -4.774328003973755230e+00
1.226666976307921431e+00 -4.721926592003665490e+00
1.285452805422373945e+00 -4.607443809699907966e+00
1.343480955259441334e+00 -4.502258246912085760e+00
1.339518532594878630e+00 -4.212097585741804373e+00
1.384922240962764617e+00 -4.099135300636826962e+00
1.418111366871600998e+00 -3.961880003932737093e+00
1.465062761878155317e+00 -3.872958064062243189e+00
1.519305526352312308e+00 -3.808750454138854824e+00
1.555150404788323337e+00 -3.704378426410102065e+00
1.603536931424914158e+00 -3.635754160717833638e+00
1.639190239896531232e+00 -3.543296958481873649e+00
1.661425857496052316e+00 -3.428812790252621756e+00
1.709466435115613248e+00 -3.372635198833002779e+00
1.734106319623680559e+00 -3.274444113788629984e+00
1.739021050069673446e+00 -3.146139391906835225e+00
1.783505212081900382e+00 -3.094372824837131386e+00
1.817950608440987992e+00 -3.027463789902718361e+00
1.863187084591759524e+00 -2.980495293314380678e+00
1.910091462506249727e+00 -2.937132930020443844e+00
1.966967937137749090e+00 -2.909209124875428820e+00
2.019781141379909606e+00 -2.874957957492763505e+00
2.069414497397139563e+00 -2.836206836828926825e+00
2.121138895229162991e+00 -2.800337897680475141e+00
2.171950239485425094e+00 -2.763154408469782997e+00
2.220582450507002648e+00 -2.723175733156819156e+00
2.270671801931611888e+00 -2.684933888135065061e+00
2.319721852023206132e+00 -2.645335959327174802e+00
2.378219348099900099e+00 -2.615993304884651316e+00
2.422904132739266192e+00 -2.571071887692077951e+00
2.467399630480178185e+00 -2.526061596938581566e+00
2.524692524205840005e+00 -2.493747610973647166e+00
2.571529719686583615e+00 -2.450576325361665475e+00
2.613269477328957091e+00 -2.402518010619837163e+00
2.657529843158257243e+00 -2.356781159821424776e+00
2.711511729497588785e+00 -2.319228905262654017e+00
2.756618952380775145e+00 -2.273585544228687194e+00
2.793293817729150863e+00 -2.220974069066769641e+00
2.834543410939575292e+00 -2.172050294134250326e+00
2.879940080050392925e+00 -2.126055099836431594e+00
2.925708126079162419e+00 -2.079919310484080519e+00
2.959858785988667140e+00 -2.025375100872769618e+00
3.041543461358059197e+00 -2.002234634075652053e+00
3.110949327686869825e+00 -1.968969472928169928e+00
3.202824865757660344e+00 -1.947655191112543704e+00
3.238523373175755449e+00 -1.890746021864621262e+00
3.306863228833508472e+00 -1.852030150356184013e+00
3.355036511034965585e+00 -1.800834624524884076e+00
3.429460179220844118e+00 -1.762394726036127235e+00
3.793658754020447610e+00 -1.864426228919331852e+00
3.919033890934893627e+00 -1.839634969572829126e+00
4.088090081668916298e+00 -1.830359710224868319e+00
4.213712671525250641e+00 -1.796703042513037030e+00
4.382733005073439436e+00 -1.776682350305376135e+00
4.518779569890755354e+00 -1.738253802639584844e+00
4.593378145220795794e+00 -1.673127735081063383e+00
4.633121992512174714e+00 -1.594197487160146753e+00
4.640810979516472479e+00 -1.504427740198406527e+00
4.682453832362006629e+00 -1.425759372682204651e+00
4.574983119182259195e+00 -1.303960327363588023e+00
4.524192513441642305e+00 -1.202292596503072186e+00
4.403421979723294299e+00 -1.086138484784074043e+00
4.128022358103457634e+00 -9.401000194520291453e-01
3.894405903015591974e+00 -8.138073664244153127e-01
3.686890713220727811e+00 -7.017643183937609663e-01
3.673542454261076173e+00 -6.312584118823927337e-01
3.671453949253054461e+00 -5.633899185001521870e-01
3.662051071963124294e+00 -4.949795436794224290e-01
3.670973405645787224e+00 -4.293792058308172344e-01
3.677459627040652546e+00 -3.634934034887220000e-01
3.697991251041651495e+00 -2.987431987118193688e-01
3.688777348477209728e+00 -2.315781532702675116e-01
3.705021288408520963e+00 -1.660346414351573652e-01
3.700138723758315873e+00 -9.944691744088920982e-02
3.700109026683097380e+00 -3.314161448617508610e-02
3.734313866562863016e+00 3.344798481437022408e-02
3.734321444480258378e+00 1.003656306187814401e-01
3.713936738725296394e+00 1.664341731736701802e-01
3.722850596262959666e+00 2.337172413888317368e-01
3.722915208116899688e+00 3.007566871588578383e-01
3.705777966804541634e+00 3.662924905612877091e-01
3.711397976106798779e+00 4.341075075760470470e-01
3.690598478547068240e+00 4.988381414997370977e-01
3.682594049346504583e+00 5.650993829713112371e-01
3.675503610186130476e+00 6.315954152490677043e-01
3.660592659915687719e+00 6.967587359428056848e-01
3.631616868284362809e+00 7.588927895657912037e-01
3.631064844429789051e+00 8.269248164751531460e-01
3.616700474445207814e+00 8.920874699995524626e-01
3.588596428176108244e+00 9.536603282496823875e-01
3.578739776236099068e+00 1.020011346184820367e+00
3.554660437377487714e+00 1.082357801430163802e+00
3.534962546125942406e+00 1.145941030226651947e+00
3.501143151445003543e+00 1.204698176141739463e+00
3.491219065964110246e+00 1.271668750935720293e+00
3.457485531173296600e+00 1.330002333412919846e+00
3.447402377312105859e+00 1.397515876755670350e+00
3.409137829452119295e+00 1.453636920218805750e+00
3.402195141195234029e+00 1.523264113158772748e+00
3.418625671772757002e+00 1.604738185148053331e+00
3.535258742375288588e+00 1.737433320357453459e+00
3.663178053016101110e+00 1.882502010165820083e+00
3.662854267674143127e+00 1.966057528173229763e+00
3.603724901862972008e+00 2.018289451358390441e+00
3.546298845007006317e+00 2.070434473031118827e+00
3.479088405979962495e+00 2.115652549938414229e+00
3.433977068068374550e+00 2.173418884578687926e+00
3.402907557020610874e+00 2.240119023050957114e+00
3.374511538559562762e+00 2.309114096983334807e+00
3.312472455513451042e+00 2.354874488078936512e+00
3.266600495389611059e+00 2.411499006684120427e+00
3.220908900064249902e+00 2.468113946240535928e+00
3.176811014926148147e+00 2.525912183564217539e+00
3.129610722538728851e+00 2.581219174917829928e+00
3.067766611509669339e+00 2.623943286917367779e+00
2.980848912688607300e+00 2.643510693129155875e+00
2.884562403181561763e+00 2.651932066907991992e+00
2.711106644232355034e+00 2.583588168172625821e+00
2.592195864206273459e+00 2.560423569033839275e+00
2.535820846091593861e+00 2.596109514202078472e+00
2.492402758696022680e+00 2.644820560211216698e+00
2.446068720492397652e+00 2.690626245728065857e+00
2.394940912040315784e+00 2.731113348593267265e+00
2.342699261923343990e+00 2.770102060850993198e+00
2.286070944053661957e+00 2.803486498643839031e+00
2.236532932718333644e+00 2.845316490396508691e+00
2.176629494978530310e+00 2.873596857663097026e+00
2.121749707453308709e+00 2.907934120442181136e+00
2.061182200631086925e+00 2.933888255585107352e+00
2.004721951169252669e+00 2.965048531328061454e+00
1.952757938339591881e+00 3.002740841284340156e+00
1.898424756221512855e+00 3.036864143929755677e+00
1.831445715799850493e+00 3.049937419648274695e+00
1.784194752216038182e+00 3.095569173599255652e+00
1.718312249820286297e+00 3.108674191459079861e+00
1.666984195461193918e+00 3.147700071695219481e+00
1.605722994326824082e+00 3.167958012510447841e+00
1.545717224972855908e+00 3.190015953578783314e+00
1.487632004092857008e+00 3.215686518347772971e+00
1.429550102285918722e+00 3.241267868849215805e+00
1.369952848798219103e+00 3.263236637859434630e+00
1.304407978128936829e+00 3.270023305324881058e+00
1.248297171812870143e+00 3.299928660886157328e+00
1.189773909292646037e+00 3.323957180334917272e+00
1.122927689866527023e+00 3.323675797418438993e+00
1.067398511610258893e+00 3.356419925798621140e+00
9.999549144482096086e-01 3.351037647753876136e+00
9.392772605964330168e-01 3.366648064924438799e+00
8.774249148521852115e-01 3.377555700078681333e+00
8.154153338571845655e-01 3.387045737455997241e+00
7.546455096901163451e-01 3.401248964480569459e+00
6.929242189661425355e-01 3.410895124980702686e+00
6.315447226322110641e-01 3.421833682393456755e+00
5.746954016486092165e-01 3.459962410512615438e+00
5.140473167184258507e-01 3.479315579478738929e+00
4.496748681640380663e-01 3.472774268213833171e+00
3.966471538741764280e-01 3.563373465657513339e+00
3.376037843467312727e-01 3.621927470755204048e+00
2.784024172250420537e-01 3.703624465689825840e+00
2.115670243386968130e-01 3.700149676920870156e+00
1.446796036398947660e-01 3.688689901875771948e+00
7.829889631729694544e-02 3.677345471824239098e+00
1.224112442546799497e-02 3.626301831456609115e+00
-5.263466040657315687e-02 3.620297462402890520e+00
-1.179858872674793974e-01 3.634526688941161154e+00
-1.816904497688519304e-01 3.604459398680318838e+00
-2.415742129040797659e-01 3.532603806880256325e+00
-2.990147613569269502e-01 3.460605421267294091e+00
-3.578939416157981834e-01 3.425400489985126029e+00
-4.162405184029590588e-01 3.394357264545779795e+00
-4.765763064769835133e-01 3.383526963780624452e+00
-5.372825556508272760e-01 3.375550395679985716e+00
-5.980457028030925493e-01 3.367553081341583709e+00
-6.564868581912880474e-01 3.347204720216829354e+00
-7.148899062771784108e-01 3.328166494374044770e+00
-7.772674611000610634e-01 3.327141139536879955e+00
-8.358650068010735623e-01 3.309220815817431660e+00
-8.961624265599891226e-01 3.297969392583131487e+00
-9.508446064106751416e-01 3.266790832525749977e+00
-1.007889228914031321e+00 3.244988278831614892e+00
-1.064800917649762813e+00 3.223228823367159546e+00
-1.122997471828920180e+00 3.205441221598752222e+00
-1.179660592461439839e+00 3.183262640674944688e+00
-1.238225576686414309e+00 3.166055842829586187e+00
-1.294935933916749216e+00 3.143847248490120982e+00
-1.348794951818172994e+00 3.114957784333102886e+00
-1.405041375053873276e+00 3.091764209376062666e+00
-1.461362001864691340e+00 3.068546867864878624e+00
-1.511145185509581879e+00 3.031951468689969342e+00
-1.567986833737224250e+00 3.009722363991249150e+00
-1.625037810478185296e+00 2.987387124052012233e+00
-1.675469447939465617e+00 2.952831325519818417e+00
-1.726931842903067338e+00 2.920382257060095021e+00
-1.784399512972757007e+00 2.897804197228578627e+00
-1.831097508944336871e+00 2.857694228718100860e+00
-1.886282059058455918e+00 2.830874814642141413e+00
-1.932722004644647162e+00 2.790906825809306824e+00
-1.983620167753502361e+00 2.757530231484986327e+00
-2.031236200310809537e+00 2.719601916838824351e+00
-2.083454816832687406e+00 2.687721855126909087e+00
-2.126820184587726814e+00 2.644445375108119389e+00
-2.173039881044766197e+00 2.604956605768022460e+00
-2.218784088698419144e+00 2.564957375774155501e+00
-2.273707415746199612e+00 2.535210371334509105e+00
-2.307857998675444833e+00 2.482355759147312657e+00
-2.354523610176337378e+00 2.443285966058089898e+00
-2.406881818383815208e+00 2.409700050751288014e+00
-2.469298009429317098e+00 2.385170060672151759e+00
-2.527480269774088573e+00 2.355330689171056591e+00
-2.567987744785530158e+00 2.308531807028839200e+00
-2.616157917617036865e+00 2.268432256975988714e+00
-2.664490794448532984e+00 2.227995955739626943e+00
-2.721056986504431396e+00 2.193684647515949937e+00
-2.810443286810999641e+00 2.183855277049334465e+00
-2.854363519489816703e+00 2.137096042234789550e+00
-2.884498652519790429e+00 2.080080980679637204e+00
-2.951105315743750790e+00 2.048774295866256256e+00
-3.007737576666911217e+00 2.009216501375554298e+00
-3.052465024505377489e+00 1.960941371680640977e+00
-3.102059884779539534e+00 1.915185519363271194e+00
-3.136816132597530782e+00 1.859875126918937527e+00
-3.182680148048071089e+00 1.810815050128674164e+00
-3.214547304593511790e+00 1.753483215591105537e+00
-3.239490588507087043e+00 1.692512853888924695e+00
-3.295728023762380055e+00 1.647430799350439345e+00
-3.295361771098839654e+00 1.574113691644517754e+00
-3.353086794037621221e+00 1.528535238023799980e+00
-3.351551776877824906e+00 1.455901316222699915e+00
-3.377826134984359907e+00 1.395936397175105759e+00
-3.411125478536222833e+00 1.338675289685048009e+00
-3.446893177552309062e+00 1.281946947775331802e+00
-3.454206828545052232e+00 1.214690443375769480e+00
-3.453527558074981574e+00 1.145364797135260293e+00
-3.477678371811823599e+00 1.084626357210891401e+00
-3.482808181246506152e+00 1.018141884953251752e+00
-3.525723294300824762e+00 9.624822860635603439e-01
-3.529025935462990482e+00 8.957793638785850332e-01
-3.516979083332053335e+00 8.259577474765751326e-01
-3.521259444174278830e+00 7.606781164521750904e-01
-3.517754554056368388e+00 6.942126602919457268e-01
-3.533027457977669261e+00 6.316980968574160693e-01
-3.519447529818183540e+00 5.644101615257093307e-01
-3.546406470818865397e+00 5.037513122181042080e-01
-3.545097696865434855e+00 4.389369318386689423e-01
-3.597560622864835356e+00 3.801380598951794587e-01
-3.629074803623894230e+00 3.178503738502089226e-01
-3.655176702361475627e+00 2.542539719794592035e-01
-3.776613288175442840e+00 1.947991970824702879e-01
-3.882467372346663836e+00 1.305829727303278176e-01
-3.905388507056090752e+00 6.135074519545080651e-02
-4.228880208424025788e+00 -6.643255892732648216e-02
