-4.065422009860370167e+00 -6.386475235134368711e-02
-4.118329171091756002e+00 -1.385159524259298447e-01
-4.122580182737306309e+00 -2.126443054203517868e-01
-4.133336602164124685e+00 -2.875147589853494501e-01
-4.115762876200734333e+00 -3.604766613167866285e-01
-4.091601043785362712e+00 -4.323410904500838425e-01
-4.074175010780877848e+00 -5.044447380356154031e-01
-4.039287485235353081e+00 -5.737628745764310478e-01
-3.913016237935209585e+00 -6.275263683274278081e-01
-3.795062972233067100e+00 -6.785495118642341783e-01
-3.614488765461231434e+00 -7.133027114051448958e-01
-3.561495964076139664e+00 -7.693701883249749462e-01
-3.425451372134099781e+00 -8.044625891655623473e-01
-3.346752444106606994e+00 -8.495125369623023337e-01
-3.324644218684211339e+00 -9.075899895830434883e-01
-3.292053743708283964e+00 -9.623779518018007462e-01
-3.295206203544031265e+00 -1.027716516219026710e+00
-3.270177431490716824e+00 -1.084556601165063361e+00
-3.252738700878400557e+00 -1.143843090721856415e+00
-3.229200148723711639e+00 -1.200983918321383292e+00
-3.208019920831515215e+00 -1.258967758253616953e+00
-3.185528614870316577e+00 -1.316466614928617052e+00
-3.161998245405441832e+00 -1.373559984703011549e+00
-3.119513957151628158e+00 -1.422058927162934028e+00
-3.117608601408294433e+00 -1.489205351505037855e+00
-3.078496505333474964e+00 -1.538843594499448963e+00
-3.045095058708659153e+00 -1.590948449260108921e+00
-3.018980351863830958e+00 -1.646804627086356110e+00
-2.989694807851456471e+00 -1.701014271468413552e+00
-2.952050032704533589e+00 -1.750323958166104976e+00
-2.927448126955509711e+00 -1.807381697865188430e+00
-2.892797623397268314e+00 -1.858369053888939693e+00
-2.859771013848896537e+00 -1.910372485869644255e+00
-2.815554727159494064e+00 -1.954669703868337383e+00
-2.778201777546216444e+00 -2.003427761325538459e+00
-2.765833674516668950e+00 -2.070812690440276604e+00
-2.752797017432970783e+00 -2.139061236844291614e+00
-2.763985380026071859e+00 -2.228293021496361881e+00
-2.800043190687782069e+00 -2.341342262373937722e+00
-2.787159988777185404e+00 -2.416705651184056780e+00
-2.915311873651225127e+00 -2.620764137756732559e+00
-3.014812212065260066e+00 -2.809469893824207087e+00
-3.021562883649405507e+00 -2.918619501979182296e+00
-3.140666376684922323e+00 -3.144343801795958626e+00
-3.117683344881214236e+00 -3.235215790675736613e+00
-3.069684396779132740e+00 -3.301784054947369373e+00
-3.003570779689272996e+00 -3.349016561661031233e+00
-2.953656729425368166e+00 -3.414484380086216575e+00
-2.878520162228387580e+00 -3.450659224822024473e+00
-2.838949508641551045e+00 -3.529892631589776286e+00
-2.643124550710491238e+00 -3.409713310493923011e+00
-2.452532476597307998e+00 -3.283671304914175693e+00
-2.155417916931993361e+00 -2.996354929258294497e+00
-2.052630201698134815e+00 -2.964057752234758869e+00
-1.961080646083551482e+00 -2.943130261892626276e+00
-1.871556790523409397e+00 -2.920836827570337135e+00
-1.811336934345626482e+00 -2.941549654537507053e+00
-1.748466086154515597e+00 -2.956798414518305940e+00
-1.691520069039069485e+00 -2.981118786586474556e+00
-1.634831765369455292e+00 -3.005391834186800892e+00
-1.588434141821957857e+00 -3.048970601987848639e+00
-1.529163797829122595e+00 -3.068103890449215498e+00
-1.476404690345780368e+00 -3.100133288316497371e+00
-1.424068548827478686e+00 -3.133633107988791799e+00
-1.373106014922287565e+00 -3.171102667704370770e+00
-1.338663965729341321e+00 -3.250010224507085432e+00
-1.289289848402293881e+00 -3.296623599521021131e+00
-1.237280858477314283e+00 -3.338748414571465872e+00
-1.201505787865534858e+00 -3.429532369419614479e+00
-1.157115340204914800e+00 -3.502671208004676906e+00
-1.099895072234651883e+00 -3.541209207277419058e+00
-1.048849462286213896e+00 -3.603503437885945626e+00
-9.984360600727532065e-01 -3.674346824839591186e+00
-9.283040131443466292e-01 -3.675190298324370719e+00
-8.687610622414286832e-01 -3.718785122588738723e+00
-8.050926729811921367e-01 -3.748105037649184901e+00
-7.411986218385172576e-01 -3.779121386331238952e+00
-6.771748439888527482e-01 -3.813123682342566045e+00
-6.095702945315948362e-01 -3.829707901847688500e+00
-5.413215173230504496e-01 -3.843195570247351700e+00
-4.719207735647167334e-01 -3.848418486949687356e+00
-4.031109491329632477e-01 -3.858172162525037141e+00
-3.344834282440544704e-01 -3.871097065083515698e+00
-2.628047521083289872e-01 -3.843063614297034469e+00
-1.984002848922823969e-01 -3.935956856789344815e+00
-1.275189931128127285e-01 -3.928191706222583068e+00
-5.744205689643047674e-02 -3.950958003927499629e+00
1.355995925634504232e-02 -4.016992506296772625e+00
8.732110870953044279e-02 -4.101078033161596359e+00
1.632455785224257994e-01 -4.162040134698640870e+00
2.413338370185622028e-01 -4.220749059856994556e+00
3.206660743170748895e-01 -4.265863529472941451e+00
3.960475830959679366e-01 -4.248932291198043387e+00
4.753082320811376493e-01 -4.270043855511376663e+00
5.543470539868834424e-01 -4.281142489918982719e+00
6.309291141639907785e-01 -4.270426914143259367e+00
7.069763599289003997e-01 -4.256361932700258421e+00
7.829591965603258652e-01 -4.242227121403841394e+00
8.498203534518150581e-01 -4.183210835122785021e+00
9.220976513485942272e-01 -4.155969447280262408e+00
9.920637579713136311e-01 -4.120802225813697817e+00
1.054910460065844768e+00 -4.060767795804210323e+00
1.116671556071342719e+00 -4.002481792241550096e+00
1.180988485770550156e+00 -3.957715313159672732e+00
1.226958499986215312e+00 -3.858154112721293938e+00
1.273128847898155058e+00 -3.768245789056349881e+00
1.328725246610508171e+00 -3.712155552973156247e+00
1.387150201432824081e+00 -3.666992772253414135e+00
1.451052983748619241e+00 -3.637648000992333319e+00
1.507147075482070608e+00 -3.590034182322568768e+00
1.552235779650485092e+00 -3.519437303676220985e+00
1.597970463913906736e+00 -3.454195703902809722e+00
1.624848679754961722e+00 -3.353325645097067653e+00
1.671113956145119372e+00 -3.296968945386124172e+00
1.704508109540040950e+00 -3.218554988831121566e+00
1.739021050069673446e+00 -3.146139391906835225e+00
1.783505212081900382e+00 -3.094372824837131386e+00
1.817950608440987992e+00 -3.027463789902718361e+00
1.863187084591759524e+00 -2.980495293314380678e+00
1.910091462506249727e+00 -2.937132930020443844e+00
1.966967937137749090e+00 -2.909209124875428820e+00
2.019781141379909606e+00 -2.874957957492763505e+00
2.069414497397139563e+00 -2.836206836828926825e+00
2.121138895229162991e+00 -2.800337897680475141e+00
2.171950239485425094e+00 -2.763154408469782997e+00
2.220582450507002648e+00 -2.723175733156819156e+00
2.270671801931611888e+00 -2.684933888135065061e+00
2.319721852023206132e+00 -2.645335959327174802e+00
2.378219348099900099e+00 -2.615993304884651316e+00
2.422904132739266192e+00 -2.571071887692077951e+00
2.467399630480178185e+00 -2.526061596938581566e+00
2.524692524205840005e+00 -2.493747610973647166e+00
2.571529719686583615e+00 -2.450576325361665475e+00
2.613269477328957091e+00 -2.402518010619837163e+00
2.657529843158257243e+00 -2.356781159821424776e+00
2.711511729497588785e+00 -2.319228905262654017e+00
2.756618952380775145e+00 -2.273585544228687194e+00
2.793293817729150863e+00 -2.220974069066769641e+00
2.834543410939575292e+00 -2.172050294134250326e+00
2.879940080050392925e+00 -2.126055099836431594e+00
2.925514118403951702e+00 -2.079781388212731397e+00
2.959858785988667140e+00 -2.025375100872769618e+00
3.004031157475833158e+00 -1.977540450023642427e+00
3.076219909383445028e+00 -1.946988669884090806e+00
3.089210289487131611e+00 -1.878565550394083461e+00
3.181109194077523572e+00 -1.857225920812469955e+00
3.296448248801013836e+00 -1.846197173392591262e+00
3.303236935717446698e+00 -1.773030912565070949e+00
3.429460179220844118e+00 -1.762394726036127235e+00
3.586760661546299467e+00 -1.762744381569890217e+00
3.727923050468471278e+00 -1.749925567977780316e+00
3.938925452639855607e+00 -1.763574262323492237e+00
3.996287771731607652e+00 -1.703994305722038360e+00
4.120477569435998078e+00 -1.670368640748048694e+00
4.165014733088865384e+00 -1.602169919082077287e+00
4.186430895874108771e+00 -1.524898107980731776e+00
4.192681376047180386e+00 -1.442647554922977360e+00
4.167994391002467935e+00 -1.351153152001203894e+00
4.157959250929992301e+00 -1.266056129004838882e+00
4.080507188295973364e+00 -1.163024944671477767e+00
4.044763681096587682e+00 -1.074885609738912118e+00
3.952877582729170225e+00 -9.750081840923600085e-01
3.864916861752295318e+00 -8.801813802634318451e-01
3.734380803656305314e+00 -7.803671940554939290e-01
3.676555003251337439e+00 -6.997970150408908685e-01
3.645419031345834782e+00 -6.264257068007950124e-01
3.650321380387525405e+00 -5.601470952439129292e-01
3.662051071963124294e+00 -4.949795436794224290e-01
3.670973405645787224e+00 -4.293792058308172344e-01
3.677459627040652546e+00 -3.634934034887220000e-01
3.697991251041651495e+00 -2.987431987118193688e-01
3.688777348477209728e+00 -2.315781532702675116e-01
3.705021288408520963e+00 -1.660346414351573652e-01
3.700138723758315873e+00 -9.944691744088920982e-02
3.700109026683097380e+00 -3.314161448617508610e-02
3.734313866562863016e+00 3.344798481437022408e-02
3.734321444480258378e+00 1.003656306187814401e-01
3.713936738725296394e+00 1.664341731736701802e-01
3.722850596262959666e+00 2.337172413888317368e-01
3.722915208116899688e+00 3.007566871588578383e-01
3.705777966804541634e+00 3.662924905612877091e-01
3.711397976106798779e+00 4.341075075760470470e-01
3.690598478547068240e+00 4.988381414997370977e-01
3.682594049346504583e+00 5.650993829713112371e-01
3.675503610186130476e+00 6.315954152490677043e-01
3.660592659915687719e+00 6.967587359428056848e-01
3.631616868284362809e+00 7.588927895657912037e-01
3.631064844429789051e+00 8.269248164751531460e-01
3.616700474445207814e+00 8.920874699995524626e-01
3.588596428176108244e+00 9.536603282496823875e-01
3.578739776236099068e+00 1.020011346184820367e+00
3.554660437377487714e+00 1.082357801430163802e+00
3.534962546125942406e+00 1.145941030226651947e+00
3.501143151445003543e+00 1.204698176141739463e+00
3.491219065964110246e+00 1.271668750935720293e+00
3.457485531173296600e+00 1.330002333412919846e+00
3.447402377312105859e+00 1.397515876755670350e+00
3.409137829452119295e+00 1.453636920218805750e+00
3.402195141195234029e+00 1.523264113158772748e+00
3.418625671772757002e+00 1.604738185148053331e+00
3.490640380243792418e+00 1.715505242466625058e+00
3.515482256815139372e+00 1.806601349805500689e+00
3.520533939406864210e+00 1.889666295447597788e+00
3.625946077698989356e+00 2.030734564680838794e+00
3.633163858523148271e+00 2.121148844928272936e+00
3.627799978273901882e+00 2.206084864503413900e+00
3.594329071964230682e+00 2.274908226685252721e+00
3.540263897392911474e+00 2.330540095574611392e+00
3.492873228201611724e+00 2.390106751171112709e+00
3.472167943983945904e+00 2.468403834122111284e+00
3.414306561260194606e+00 2.520539898470812279e+00
3.369352727854159735e+00 2.581863292455915282e+00
3.331734405721243242e+00 2.649093222187476115e+00
3.251421600568994652e+00 2.681685527432829730e+00
3.147655754956038887e+00 2.692274619834679417e+00
2.986967847010908006e+00 2.648937156792813052e+00
2.824452639560616873e+00 2.596669955225185955e+00
2.711106644232355034e+00 2.583588168172625821e+00
2.592195864206273459e+00 2.560423569033839275e+00
2.535820846091593861e+00 2.596109514202078472e+00
2.492402758696022680e+00 2.644820560211216698e+00
2.446068720492397652e+00 2.690626245728065857e+00
2.394940912040315784e+00 2.731113348593267265e+00
2.342699261923343990e+00 2.770102060850993198e+00
2.286070944053661957e+00 2.803486498643839031e+00
2.236532932718333644e+00 2.845316490396508691e+00
2.176629494978530310e+00 2.873596857663097026e+00
2.121749707453308709e+00 2.907934120442181136e+00
2.061182200631086925e+00 2.933888255585107352e+00
2.004721951169252669e+00 2.965048531328061454e+00
1.952757938339591881e+00 3.002740841284340156e+00
1.898424756221512855e+00 3.036864143929755677e+00
1.831445715799850493e+00 3.049937419648274695e+00
1.784194752216038182e+00 3.095569173599255652e+00
1.718312249820286297e+00 3.108674191459079861e+00
1.666984195461193918e+00 3.147700071695219481e+00
1.605722994326824082e+00 3.167958012510447841e+00
1.545717224972855908e+00 3.190015953578783314e+00
1.487632004092857008e+00 3.215686518347772971e+00
1.429550102285918722e+00 3.241267868849215805e+00
1.369952848798219103e+00 3.263236637859434630e+00
1.304407978128936829e+00 3.270023305324881058e+00
1.248297171812870143e+00 3.299928660886157328e+00
1.189773909292646037e+00 3.323957180334917272e+00
1.122927689866527023e+00 3.323675797418438993e+00
1.067398511610258893e+00 3.356419925798621140e+00
9.999549144482096086e-01 3.351037647753876136e+00
9.392772605964330168e-01 3.366648064924438799e+00
8.774249148521852115e-01 3.377555700078681333e+00
8.154153338571845655e-01 3.387045737455997241e+00
7.546455096901163451e-01 3.401248964480569459e+00
6.929242189661425355e-01 3.410895124980702686e+00
6.315447226322110641e-01 3.421833682393456755e+00
5.744390870709022989e-01 3.458419264697304651e+00
5.140473167184258507e-01 3.479315579478738929e+00
4.496748681640380663e-01 3.472774268213833171e+00
3.890318710478690156e-01 3.494959772298833478e+00
3.289526998990671136e-01 3.529115713702631663e+00
2.676551379310096457e-01 3.560651976694498178e+00
2.037442440728203241e-01 3.563335076612141883e+00
1.419004286223981837e-01 3.617833232624030781e+00
7.635572804187566731e-02 3.586083635518707347e+00
1.214388095066597575e-02 3.597494494931370745e+00
-5.230317396404995239e-02 3.597497286294262242e+00
-1.167838268742768942e-01 3.597497509587625153e+00
-1.790359280861258950e-01 3.551797766544589230e+00
-2.392665199153682365e-01 3.498857800056795586e+00
-2.960544685862813719e-01 3.426344887893806312e+00
-3.563617360588635097e-01 3.410735760982487097e+00
-4.162405184029590588e-01 3.394357264545779795e+00
-4.765763064769835133e-01 3.383526963780624452e+00
-5.372825556508272760e-01 3.375550395679985716e+00
-5.980457028030925493e-01 3.367553081341583709e+00
-6.564868581912880474e-01 3.347204720216829354e+00
-7.148899062771784108e-01 3.328166494374044770e+00
-7.772674611000610634e-01 3.327141139536879955e+00
-8.358650068010735623e-01 3.309220815817431660e+00
-8.961624265599891226e-01 3.297969392583131487e+00
-9.508446064106751416e-01 3.266790832525749977e+00
-1.007889228914031321e+00 3.244988278831614892e+00
-1.064800917649762813e+00 3.223228823367159546e+00
-1.122997471828920180e+00 3.205441221598752222e+00
-1.179660592461439839e+00 3.183262640674944688e+00
-1.238225576686414309e+00 3.166055842829586187e+00
-1.294935933916749216e+00 3.143847248490120982e+00
-1.348794951818172994e+00 3.114957784333102886e+00
-1.405041375053873276e+00 3.091764209376062666e+00
-1.461362001864691340e+00 3.068546867864878624e+00
-1.511145185509581879e+00 3.031951468689969342e+00
-1.567986833737224250e+00 3.009722363991249150e+00
-1.625037810478185296e+00 2.987387124052012233e+00
-1.675469447939465617e+00 2.952831325519818417e+00
-1.726931842903067338e+00 2.920382257060095021e+00
-1.784399512972757007e+00 2.897804197228578627e+00
-1.831097508944336871e+00 2.857694228718100860e+00
-1.886282059058455918e+00 2.830874814642141413e+00
-1.932722004644647162e+00 2.790906825809306824e+00
-1.983620167753502361e+00 2.757530231484986327e+00
-2.031236200310809537e+00 2.719601916838824351e+00
-2.083454816832687406e+00 2.687721855126909087e+00
-2.126820184587726814e+00 2.644445375108119389e+00
-2.173039881044766197e+00 2.604956605768022460e+00
-2.218784088698419144e+00 2.564957375774155501e+00
-2.273707415746199612e+00 2.535210371334509105e+00
-2.307857998675444833e+00 2.482355759147312657e+00
-2.354523610176337378e+00 2.443285966058089898e+00
-2.397711705085816991e+00 2.400519200112589679e+00
-2.469298009429317098e+00 2.385170060672151759e+00
-2.527480269774088573e+00 2.355330689171056591e+00
-2.567987744785530158e+00 2.308531807028839200e+00
-2.616157917617036865e+00 2.268432256975988714e+00
-2.664490794448532984e+00 2.227995955739626943e+00
-2.721056986504431396e+00 2.193684647515949937e+00
-2.765480173545288967e+00 2.148916684750143080e+00
-2.833453921772095097e+00 2.121440776806211126e+00
-2.879142884842652350e+00 2.076218808488146994e+00
-2.904303863707199174e+00 2.016282872591672604e+00
-2.951106327203049773e+00 1.971385926727350357e+00
-3.025317535953945480e+00 1.943501488500863683e+00
-3.067098895736710240e+00 1.893600900611720705e+00
-3.104288528343524867e+00 1.840588920927580530e+00
-3.171628501809600653e+00 1.804527114676035771e+00
-3.188162108315890197e+00 1.739090520623832070e+00
-3.221374042279703698e+00 1.683047635046585055e+00
-3.272921813162611659e+00 1.636030691851386942e+00
-3.295361771098839654e+00 1.574113691644517754e+00
-3.313588449368210398e+00 1.510529556877054702e+00
-3.344645385696253026e+00 1.452901206219635588e+00
-3.361286757003067560e+00 1.389101255640851074e+00
-3.366800522613236701e+00 1.321280232369260732e+00
-3.387005960228327339e+00 1.259674068546230430e+00
-3.412647903213639644e+00 1.200076023353243704e+00
-3.453527558074981574e+00 1.145364797135260293e+00
-3.477678371811823599e+00 1.084626357210891401e+00
-3.479626031944363262e+00 1.017211635763493938e+00
-3.484795352112325162e+00 9.513094241928796713e-01
-3.483212421429547234e+00 8.841504324939999382e-01
-3.471215166101052851e+00 8.152101538468712327e-01
-3.504672165996431055e+00 7.570948588929320433e-01
-3.517754554056368388e+00 6.942126602919457268e-01
-3.533027457977669261e+00 6.316980968574160693e-01
-3.519447529818183540e+00 5.644101615257093307e-01
-3.546406470818865397e+00 5.037513122181042080e-01
-3.545097696865434855e+00 4.389369318386689423e-01
-3.558382141431726264e+00 3.759982458703746699e-01
-3.571260600514180261e+00 3.127867510078457536e-01
-3.613309283833335606e+00 2.513416757147044489e-01
-3.656461997395464625e+00 1.886017463014638407e-01
-3.742089138703356799e+00 1.258614888651083952e-01
-3.855056677749889360e+00 6.056006963797257170e-02
-4.065422009860370167e+00 -6.386475235134368711e-02
