-3.597480663149282165e+00 -5.651374225935958118e-02
-3.597452744069786768e+00 -1.209967859417129671e-01
-3.586049352218219521e+00 -1.849698344009470807e-01
-3.574672823768545005e+00 -2.486541248150884176e-01
-3.580698760856885432e+00 -3.136133867086010607e-01
-3.494879641274420301e+00 -3.692882221240443297e-01
-3.462948608826769803e+00 -4.287656271976409417e-01
-3.409295016125461597e+00 -4.842752381159790009e-01
-3.394598468797435764e+00 -5.443882466938981812e-01
-3.395909114434080056e+00 -6.071816169571150335e-01
-3.386323800227966085e+00 -6.682754063257276833e-01
-3.358835350944361586e+00 -7.255905418887623748e-01
-3.352730743624949383e+00 -7.873842486081334968e-01
-3.346564971545776146e+00 -8.494649504456950329e-01
-3.324644218684211339e+00 -9.075899895830434883e-01
-3.292053743708283964e+00 -9.623779518018007462e-01
-3.295206203544031265e+00 -1.027716516219026710e+00
-3.270177431490716824e+00 -1.084556601165063361e+00
-3.252738700878400557e+00 -1.143843090721856415e+00
-3.229200148723711639e+00 -1.200983918321383292e+00
-3.208019920831515215e+00 -1.258967758253616953e+00
-3.185528614870316577e+00 -1.316466614928617052e+00
-3.161998245405441832e+00 -1.373559984703011549e+00
-3.119513957151628158e+00 -1.422058927162934028e+00
-3.117608601408294433e+00 -1.489205351505037855e+00
-3.078496505333474964e+00 -1.538843594499448963e+00
-3.045095058708659153e+00 -1.590948449260108921e+00
-3.018980351863830958e+00 -1.646804627086356110e+00
-2.989694807851456471e+00 -1.701014271468413552e+00
-2.952050032704533589e+00 -1.750323958166104976e+00
-2.927448126955509711e+00 -1.807381697865188430e+00
-2.892797623397268314e+00 -1.858369053888939693e+00
-2.859771013848896537e+00 -1.910372485869644255e+00
-2.815554727159494064e+00 -1.954669703868337383e+00
-2.778201777546216444e+00 -2.003427761325538459e+00
-2.742177563659964790e+00 -2.053101077836859467e+00
-2.707833677585215870e+00 -2.104122468479497243e+00
-2.666417995236371130e+00 -2.149635325177255307e+00
-2.637083230115764287e+00 -2.205078277578640389e+00
-2.584117991729846686e+00 -2.240650905971069307e+00
-2.585616909096962512e+00 -2.324379813557269525e+00
-2.653161612250928059e+00 -2.472451731234968531e+00
-2.857722675814654778e+00 -2.760361261390365861e+00
-2.992520573145188489e+00 -2.996024533445674987e+00
-3.076004202223848072e+00 -3.191965400706425982e+00
-3.069684396779132740e+00 -3.301784054947369373e+00
-3.002497306691542800e+00 -3.347819626708739005e+00
-2.913649825043611585e+00 -3.368235623842396720e+00
-2.764862726192616194e+00 -3.314411063258744239e+00
-2.487141291527110276e+00 -3.092461381211804916e+00
-2.279948351820806796e+00 -2.941204658839246200e+00
-2.111368425926607895e+00 -2.826890155573413832e+00
-2.016906254773084939e+00 -2.803802896351211604e+00
-1.969974236442101123e+00 -2.844700132736171838e+00
-1.909078969887993305e+00 -2.865087725913324057e+00
-1.849380044531696798e+00 -2.886226787022140972e+00
-1.795170639094406217e+00 -2.915296140180412721e+00
-1.748466086154515597e+00 -2.956798414518305940e+00
-1.691520069039069485e+00 -2.981118786586474556e+00
-1.634831765369455292e+00 -3.005391834186800892e+00
-1.588434141821957857e+00 -3.048970601987848639e+00
-1.529163797829122595e+00 -3.068103890449215498e+00
-1.476404690345780368e+00 -3.100133288316497371e+00
-1.424068548827478686e+00 -3.133633107988791799e+00
-1.367324046895527445e+00 -3.157749573307447211e+00
-1.318807301231877727e+00 -3.201802187020841295e+00
-1.270608995299925104e+00 -3.248857970036875376e+00
-1.215371420675615433e+00 -3.279626752562892378e+00
-1.169301661739353682e+00 -3.337610138087866218e+00
-1.124749990064735305e+00 -3.404698969512945705e+00
-1.065307571384913832e+00 -3.429851697313343273e+00
-1.025650838326272130e+00 -3.523800559446502501e+00
-9.643448468602613399e-01 -3.548887673240918250e+00
-9.017904788027988339e-01 -3.570222224496605090e+00
-8.370339510942244043e-01 -3.582975273316104214e+00
-7.815807261857785626e-01 -3.638645283280152576e+00
-7.206500112232112620e-01 -3.674350962388633679e+00
-6.582461100027275913e-01 -3.706537319189884716e+00
-6.064793118122969728e-01 -3.810288384442126475e+00
-5.388591867180060335e-01 -3.825713874488076538e+00
-4.677322143947144073e-01 -3.814261633836907084e+00
-3.990416526195588731e-01 -3.819224953170277992e+00
-3.237088998338333856e-01 -3.746399571024010555e+00
-2.553164652807565216e-01 -3.733560409314648165e+00
-1.871219072838067876e-01 -3.712211171617368688e+00
-1.217324485968367537e-01 -3.749938603524105574e+00
-5.453238630875183179e-02 -3.750826133338168944e+00
1.279821801288530229e-02 -3.791334832194016791e+00
8.072563800781233645e-02 -3.791318567060991462e+00
1.521130752344631853e-01 -3.878210545538896437e+00
2.238223658338608091e-01 -3.914486471681858593e+00
3.100472857913837976e-01 -4.124600370295895324e+00
3.843588202279578647e-01 -4.123531293656770735e+00
4.635823363853127099e-01 -4.164701499779196681e+00
5.527745884476025218e-01 -4.268998564943224494e+00
6.309291141639907785e-01 -4.270426914143259367e+00
7.069763599289003997e-01 -4.256361932700258421e+00
7.829591965603258652e-01 -4.242227121403841394e+00
8.498203534518150581e-01 -4.183210835122785021e+00
9.070562362476409790e-01 -4.088176560581119112e+00
9.526470710290189103e-01 -3.957074471442182606e+00
1.013720100872456342e+00 -3.902209803972676472e+00
1.031458340685552644e+00 -3.697052374624870019e+00
1.066042364723323477e+00 -3.572509166835482031e+00
1.122031965429698852e+00 -3.528214069241938144e+00
1.180634713930315716e+00 -3.494478816128086862e+00
1.225815799776091009e+00 -3.424650009224157188e+00
1.270994678338832840e+00 -3.359930521025671357e+00
1.324902365773345192e+00 -3.321400731980686416e+00
1.363318599664840480e+00 -3.247433813071907593e+00
1.422306615367622262e+00 -3.224844463073392120e+00
1.473173515317337756e+00 -3.184432843175946992e+00
1.526771303135563196e+00 -3.150915792216939515e+00
1.578897620099921850e+00 -3.115033778678734322e+00
1.635856619161437431e+00 -3.088923105232532329e+00
1.693087494445220775e+00 -3.063038978168517446e+00
1.750832530445364910e+00 -3.037685881908248842e+00
1.797013708507107399e+00 -2.992597217550129862e+00
1.853449818906221402e+00 -2.964918825022224702e+00
1.910091462506249727e+00 -2.937132930020443844e+00
1.966967937137749090e+00 -2.909209124875428820e+00
2.019781141379909606e+00 -2.874957957492763505e+00
2.069414497397139563e+00 -2.836206836828926825e+00
2.121138895229162991e+00 -2.800337897680475141e+00
2.171950239485425094e+00 -2.763154408469782997e+00
2.220582450507002648e+00 -2.723175733156819156e+00
2.270671801931611888e+00 -2.684933888135065061e+00
2.319721852023206132e+00 -2.645335959327174802e+00
2.378219348099900099e+00 -2.615993304884651316e+00
2.422904132739266192e+00 -2.571071887692077951e+00
2.467399630480178185e+00 -2.526061596938581566e+00
2.524692524205840005e+00 -2.493747610973647166e+00
2.571529719686583615e+00 -2.450576325361665475e+00
2.613269477328957091e+00 -2.402518010619837163e+00
2.657529843158257243e+00 -2.356781159821424776e+00
2.711511729497588785e+00 -2.319228905262654017e+00
2.756618952380775145e+00 -2.273585544228687194e+00
2.793293817729150863e+00 -2.220974069066769641e+00
2.834543410939575292e+00 -2.172050294134250326e+00
2.879940080050392925e+00 -2.126055099836431594e+00
2.925514118403951702e+00 -2.079781388212731397e+00
2.959858785988667140e+00 -2.025375100872769618e+00
3.004031157475833158e+00 -1.977540450023642427e+00
3.041490710685237353e+00 -1.925008005831657654e+00
3.082926868054912450e+00 -1.874744567704318410e+00
3.115815173170938035e+00 -1.819105334342961289e+00
3.146454119739865440e+00 -1.762191990784644391e+00
3.195384709083070263e+00 -1.715140626299489934e+00
3.228552393879168037e+00 -1.659148499865857662e+00
3.258185860568613368e+00 -1.601263469124741823e+00
3.291095377867813809e+00 -1.544874148531754976e+00
3.324113081214026266e+00 -1.488304448908264632e+00
3.357245715107169737e+00 -1.431510418723803468e+00
3.390496633324641795e+00 -1.374447295836756178e+00
3.410827542077398800e+00 -1.312054251255987181e+00
3.428749457102790110e+00 -1.248914335365929551e+00
3.467048661673548970e+00 -1.192966702200945361e+00
3.482969428180121785e+00 -1.129086241423067127e+00
3.499900881537424624e+00 -1.065684075905461770e+00
3.538162912216807232e+00 -1.008446140475504516e+00
3.543164451536361170e+00 -9.415868965828844139e-01
3.574010569248932789e+00 -8.815576708662914429e-01
3.586682740776669043e+00 -8.168174059797322917e-01
3.620602978748222789e+00 -7.565912358344347721e-01
3.619441131950475565e+00 -6.889259369206321981e-01
3.645419031345834782e+00 -6.264257068007950124e-01
3.650321380387525405e+00 -5.601470952439129292e-01
3.662051071963124294e+00 -4.949795436794224290e-01
3.670973405645787224e+00 -4.293792058308172344e-01
3.677459627040652546e+00 -3.634934034887220000e-01
3.697991251041651495e+00 -2.987431987118193688e-01
3.688777348477209728e+00 -2.315781532702675116e-01
3.705021288408520963e+00 -1.660346414351573652e-01
3.700138723758315873e+00 -9.944691744088920982e-02
3.700109026683097380e+00 -3.314161448617508610e-02
3.734313866562863016e+00 3.344798481437022408e-02
3.734321444480258378e+00 1.003656306187814401e-01
3.713936738725296394e+00 1.664341731736701802e-01
3.722850596262959666e+00 2.337172413888317368e-01
3.722915208116899688e+00 3.007566871588578383e-01
3.705777966804541634e+00 3.662924905612877091e-01
3.711397976106798779e+00 4.341075075760470470e-01
3.690598478547068240e+00 4.988381414997370977e-01
3.682594049346504583e+00 5.650993829713112371e-01
3.675503610186130476e+00 6.315954152490677043e-01
3.660592659915687719e+00 6.967587359428056848e-01
3.631616868284362809e+00 7.588927895657912037e-01
3.631064844429789051e+00 8.269248164751531460e-01
3.616700474445207814e+00 8.920874699995524626e-01
3.588596428176108244e+00 9.536603282496823875e-01
3.578739776236099068e+00 1.020011346184820367e+00
3.554660437377487714e+00 1.082357801430163802e+00
3.534962546125942406e+00 1.145941030226651947e+00
3.501143151445003543e+00 1.204698176141739463e+00
3.491219065964110246e+00 1.271668750935720293e+00
3.457485531173296600e+00 1.330002333412919846e+00
3.447402377312105859e+00 1.397515876755670350e+00
3.409137829452119295e+00 1.453636920218805750e+00
3.375193072305459285e+00 1.511174482548582443e+00
3.337242327841023926e+00 1.566536003282799294e+00
3.322053971183142718e+00 1.632652001500001004e+00
3.286703573769170994e+00 1.689032308802286275e+00
3.260016855393633950e+00 1.749832292560231206e+00
3.226658600722645431e+00 1.807111029370400246e+00
3.203081791687161228e+00 1.870054175153497811e+00
3.190257459920333716e+00 1.940012883386147413e+00
3.167113662960215237e+00 2.004516776973379599e+00
3.127460433065540890e+00 2.058793397280309634e+00
3.059592208076207243e+00 2.093620785692992037e+00
2.992574665957202562e+00 2.127455497117972882e+00
2.958844513900024786e+00 2.184304636049974047e+00
2.922414355548879072e+00 2.239383929014526320e+00
2.883974837043483230e+00 2.293075396601806037e+00
2.828715007619650557e+00 2.333048441284320873e+00
2.779183264829015343e+00 2.377110189380585936e+00
2.733111535374253442e+00 2.423809384810386991e+00
2.690053413010047745e+00 2.473109578003333642e+00
2.638095968512299105e+00 2.514011592001445639e+00
2.592195864206273459e+00 2.560423569033839275e+00
2.535820846091593861e+00 2.596109514202078472e+00
2.492402758696022680e+00 2.644820560211216698e+00
2.446068720492397652e+00 2.690626245728065857e+00
2.394940912040315784e+00 2.731113348593267265e+00
2.342699261923343990e+00 2.770102060850993198e+00
2.286070944053661957e+00 2.803486498643839031e+00
2.236532932718333644e+00 2.845316490396508691e+00
2.176629494978530310e+00 2.873596857663097026e+00
2.121749707453308709e+00 2.907934120442181136e+00
2.061182200631086925e+00 2.933888255585107352e+00
2.004721951169252669e+00 2.965048531328061454e+00
1.952757938339591881e+00 3.002740841284340156e+00
1.898424756221512855e+00 3.036864143929755677e+00
1.831445715799850493e+00 3.049937419648274695e+00
1.784194752216038182e+00 3.095569173599255652e+00
1.718312249820286297e+00 3.108674191459079861e+00
1.666984195461193918e+00 3.147700071695219481e+00
1.605722994326824082e+00 3.167958012510447841e+00
1.545717224972855908e+00 3.190015953578783314e+00
1.487632004092857008e+00 3.215686518347772971e+00
1.429550102285918722e+00 3.241267868849215805e+00
1.369952848798219103e+00 3.263236637859434630e+00
1.304407978128936829e+00 3.270023305324881058e+00
1.248297171812870143e+00 3.299928660886157328e+00
1.189773909292646037e+00 3.323957180334917272e+00
1.122927689866527023e+00 3.323675797418438993e+00
1.067398511610258893e+00 3.356419925798621140e+00
9.999549144482096086e-01 3.351037647753876136e+00
9.392772605964330168e-01 3.366648064924438799e+00
8.774249148521852115e-01 3.377555700078681333e+00
8.154153338571845655e-01 3.387045737455997241e+00
7.546455096901163451e-01 3.401248964480569459e+00
6.929242189661425355e-01 3.410895124980702686e+00
6.300313087748113938e-01 3.413633708065324512e+00
5.687569379041961248e-01 3.424209799176385349e+00
5.061908016673856148e-01 3.426138966492999760e+00
4.443981989517925557e-01 3.432023311557127698e+00
3.814411032139246593e-01 3.426766315168861432e+00
3.201577866350804324e-01 3.434760912510513187e+00
2.575668203406078494e-01 3.426445743078145867e+00
1.959212381655605628e-01 3.426516530003681282e+00
1.343953649621835167e-01 3.426487307974739327e+00
7.295656300948906436e-02 3.426440208500582063e+00
1.158475283842019810e-02 3.431858788031984187e+00
-5.014785354285739710e-02 3.449250845807413590e+00
-1.109205350754166874e-01 3.416880225422986861e+00
-1.732933098796039240e-01 3.437873043512287285e+00
-2.343139534409936220e-01 3.426435106546250609e+00
-2.953967260873440748e-01 3.418732597292195141e+00
-3.563617360588635097e-01 3.410735760982487097e+00
-4.162405184029590588e-01 3.394357264545779795e+00
-4.765763064769835133e-01 3.383526963780624452e+00
-5.372825556508272760e-01 3.375550395679985716e+00
-5.980457028030925493e-01 3.367553081341583709e+00
-6.564868581912880474e-01 3.347204720216829354e+00
-7.148899062771784108e-01 3.328166494374044770e+00
-7.772674611000610634e-01 3.327141139536879955e+00
-8.358650068010735623e-01 3.309220815817431660e+00
-8.961624265599891226e-01 3.297969392583131487e+00
-9.508446064106751416e-01 3.266790832525749977e+00
-1.007889228914031321e+00 3.244988278831614892e+00
-1.064800917649762813e+00 3.223228823367159546e+00
-1.122997471828920180e+00 3.205441221598752222e+00
-1.179660592461439839e+00 3.183262640674944688e+00
-1.238225576686414309e+00 3.166055842829586187e+00
-1.294935933916749216e+00 3.143847248490120982e+00
-1.348794951818172994e+00 3.114957784333102886e+00
-1.405041375053873276e+00 3.091764209376062666e+00
-1.461362001864691340e+00 3.068546867864878624e+00
-1.511145185509581879e+00 3.031951468689969342e+00
-1.567986833737224250e+00 3.009722363991249150e+00
-1.625037810478185296e+00 2.987387124052012233e+00
-1.675469447939465617e+00 2.952831325519818417e+00
-1.726931842903067338e+00 2.920382257060095021e+00
-1.784399512972757007e+00 2.897804197228578627e+00
-1.831097508944336871e+00 2.857694228718100860e+00
-1.886282059058455918e+00 2.830874814642141413e+00
-1.932722004644647162e+00 2.790906825809306824e+00
-1.983620167753502361e+00 2.757530231484986327e+00
-2.031236200310809537e+00 2.719601916838824351e+00
-2.083454816832687406e+00 2.687721855126909087e+00
-2.126820184587726814e+00 2.644445375108119389e+00
-2.173039881044766197e+00 2.604956605768022460e+00
-2.218784088698419144e+00 2.564957375774155501e+00
-2.273707415746199612e+00 2.535210371334509105e+00
-2.307857998675444833e+00 2.482355759147312657e+00
-2.354523610176337378e+00 2.443285966058089898e+00
-2.406881818383815208e+00 2.409700050751288014e+00
-2.469298009429317098e+00 2.385170060672151759e+00
-2.525322411502418429e+00 2.353319805101682594e+00
-2.567987744785530158e+00 2.308531807028839200e+00
-2.600321279796317331e+00 2.254700540005597276e+00
-2.657383035475830102e+00 2.222052584391319474e+00
-2.652293670617696719e+00 2.138248458152344877e+00
-2.720380655016011229e+00 2.113872098725315229e+00
-2.735254152710695497e+00 2.047917437407941854e+00
-2.780399638518254335e+00 2.005012691449222118e+00
-2.828100652682289606e+00 1.963379582703165038e+00
-2.876863738589678920e+00 1.921790697640866519e+00
-2.900235148386767214e+00 1.863147012141608050e+00
-2.935895995000122216e+00 1.812597340099532772e+00
-2.966058314941617535e+00 1.758629722547019769e+00
-2.989694807851456471e+00 1.701014271468413552e+00
-3.018980351863840283e+00 1.646804627086357664e+00
-3.054846518020286616e+00 1.596043222582694376e+00
-3.102447757286423524e+00 1.550816072163197168e+00
-3.118446231116763556e+00 1.489605466722794480e+00
-3.142698733289267743e+00 1.432627919106441272e+00
-3.186355560760034233e+00 1.384140709646318967e+00
-3.193934530308014441e+00 1.319940483281262011e+00
-3.239648193950221522e+00 1.271380080211816921e+00
-3.295693911208450011e+00 1.225713862497934015e+00
-3.352172959048435708e+00 1.178809683383642559e+00
-3.344740760310804806e+00 1.109285580607562105e+00
-3.418159566793177895e+00 1.066063494930074240e+00
-3.371728874086487249e+00 9.856696702099390084e-01
-3.404719653101194066e+00 9.294496707723677309e-01
-3.437889174965800265e+00 8.726459466589074898e-01
-3.450070226104679616e+00 8.102442934888433035e-01
-3.456972335339387747e+00 7.467905294578154329e-01
-3.435123363121685980e+00 6.779057753173499679e-01
-3.458243319984888320e+00 6.183268456551388459e-01
-3.499669136451915463e+00 5.612383210308601322e-01
-3.512081620327478060e+00 4.988756194234386654e-01
-3.463060994778291768e+00 4.287795422851645721e-01
-3.479956253116418097e+00 3.677113347783812491e-01
-3.454496397565831600e+00 3.025600272372599986e-01
-3.493314650837325619e+00 2.429948529644548605e-01
-3.544571320314201746e+00 1.828303812202976553e-01
-3.517943331177286748e+00 1.183225650147058106e-01
-3.559043586151336314e+00 5.590992440290347421e-02
-3.597480663149282165e+00 -5.651374225935958118e-02
