-3.765173191858790069e+00 -5.914806700872825285e-02
-3.825504163283749648e+00 -1.286670712011433182e-01
-3.858767761823261200e+00 -1.990367571083913600e-01
-3.859675676329837213e+00 -2.684789139264793789e-01
-3.893935138393491258e+00 -3.410480098814480665e-01
-3.874962632975920140e+00 -4.094498833748025368e-01
-3.827881420044761729e+00 -4.739498512106828376e-01
-3.680068208120051310e+00 -5.227373692628536350e-01
-3.613509219909382342e+00 -5.794947375132659673e-01
-3.566996801853518306e+00 -6.377717461944517607e-01
-3.500406267522629289e+00 -6.907890558417162374e-01
-3.420275556090359270e+00 -7.388631280943075419e-01
-3.378868046653229484e+00 -7.935225586244382123e-01
-3.346564971545776146e+00 -8.494649504456950329e-01
-3.324644218684211339e+00 -9.075899895830434883e-01
-3.292053743708283964e+00 -9.623779518018007462e-01
-3.295206203544031265e+00 -1.027716516219026710e+00
-3.270177431490716824e+00 -1.084556601165063361e+00
-3.252738700878400557e+00 -1.143843090721856415e+00
-3.229200148723711639e+00 -1.200983918321383292e+00
-3.208019920831515215e+00 -1.258967758253616953e+00
-3.185528614870316577e+00 -1.316466614928617052e+00
-3.161998245405441832e+00 -1.373559984703011549e+00
-3.119513957151628158e+00 -1.422058927162934028e+00
-3.117608601408294433e+00 -1.489205351505037855e+00
-3.078496505333474964e+00 -1.538843594499448963e+00
-3.045095058708659153e+00 -1.590948449260108921e+00
-3.018980351863830958e+00 -1.646804627086356110e+00
-2.989694807851456471e+00 -1.701014271468413552e+00
-2.952050032704533589e+00 -1.750323958166104976e+00
-2.927448126955509711e+00 -1.807381697865188430e+00
-2.892797623397268314e+00 -1.858369053888939693e+00
-2.859771013848896537e+00 -1.910372485869644255e+00
-2.815554727159494064e+00 -1.954669703868337383e+00
-2.778201777546216444e+00 -2.003427761325538459e+00
-2.742177563659964790e+00 -2.053101077836859467e+00
-2.707833677585215870e+00 -2.104122468479497243e+00
-2.666417995236371130e+00 -2.149635325177255307e+00
-2.637083230115764287e+00 -2.205078277578640389e+00
-2.649907423662301920e+00 -2.297695959925474707e+00
-2.727018726851522246e+00 -2.451495137421620729e+00
-2.819180520196617135e+00 -2.627162900909933541e+00
-3.021562883649405507e+00 -2.918619501979182296e+00
-3.113156036790943659e+00 -3.116801249879878277e+00
-3.117683344881214236e+00 -3.235215790675736613e+00
-3.069684396779132740e+00 -3.301784054947369373e+00
-3.003570779689272996e+00 -3.349016561661031233e+00
-2.953656729425368166e+00 -3.414484380086216575e+00
-2.878520162228387580e+00 -3.450659224822024473e+00
-2.765288572075722318e+00 -3.438304106880811339e+00
-2.643124550710491238e+00 -3.409713310493923011e+00
-2.350183244217618039e+00 -3.146636937111851662e+00
-2.063139991650834837e+00 -2.868074740944979606e+00
-2.000260900470566039e+00 -2.888434957074541565e+00
-1.915486813234686503e+00 -2.874704422556974670e+00
-1.849380044531696798e+00 -2.886226787022140972e+00
-1.795170639094406217e+00 -2.915296140180412721e+00
-1.748466086154515597e+00 -2.956798414518305940e+00
-1.691520069039069485e+00 -2.981118786586474556e+00
-1.634831765369455292e+00 -3.005391834186800892e+00
-1.588434141821957857e+00 -3.048970601987848639e+00
-1.529163797829122595e+00 -3.068103890449215498e+00
-1.476404690345780368e+00 -3.100133288316497371e+00
-1.424068548827478686e+00 -3.133633107988791799e+00
-1.367324046895527445e+00 -3.157749573307447211e+00
-1.318807301231877727e+00 -3.201802187020841295e+00
-1.270608995299925104e+00 -3.248857970036875376e+00
-1.224758072852478286e+00 -3.304956223926575287e+00
-1.169301661739353682e+00 -3.337610138087866218e+00
-1.124749990064735305e+00 -3.404698969512945705e+00
-1.078508629392854967e+00 -3.472353668040921271e+00
-1.020790520283588076e+00 -3.507102097554883890e+00
-9.726390909195984369e-01 -3.579411339745560916e+00
-9.098163556160301368e-01 -3.601996970896357730e+00
-8.570527761180165571e-01 -3.668667084224518149e+00
-7.952248208203568369e-01 -3.702165299733239490e+00
-7.374350311481073783e-01 -3.759932108790158711e+00
-6.698290272802781553e-01 -3.771759907674536283e+00
-6.084355835235840670e-01 -3.822578926317422354e+00
-5.388591867180060335e-01 -3.825713874488076538e+00
-4.677322143947144073e-01 -3.814261633836907084e+00
-3.997118758503985236e-01 -3.825639655170967490e+00
-3.266063004595085029e-01 -3.779932230974620389e+00
-2.585093550322894451e-01 -3.780250883250675820e+00
-1.931855553236114797e-01 -3.832504633355008128e+00
-1.241871426708860832e-01 -3.825554860111575639e+00
-5.587666399173669279e-02 -3.843287736526689091e+00
1.310614147667174892e-02 -3.882553856024365313e+00
8.380001096124353732e-02 -3.935707977266529767e+00
1.572151516254067516e-01 -4.008290924447831749e+00
2.413338370185622028e-01 -4.220749059856994556e+00
3.206660743170748895e-01 -4.265863529472941451e+00
3.960475830959679366e-01 -4.248932291198043387e+00
4.753082320811376493e-01 -4.270043855511376663e+00
5.543470539868834424e-01 -4.281142489918982719e+00
6.309291141639907785e-01 -4.270426914143259367e+00
7.069763599289003997e-01 -4.256361932700258421e+00
7.829591965603258652e-01 -4.242227121403841394e+00
8.498203534518150581e-01 -4.183210835122785021e+00
9.220976513485942272e-01 -4.155969447280262408e+00
9.771019493601854622e-01 -4.058654351010757999e+00
1.021206955340304035e+00 -3.931029669417001493e+00
1.057659446390655678e+00 -3.790964902396438241e+00
1.112908193256777922e+00 -3.729565403611363461e+00
1.179958524572720879e+00 -3.710363337041912235e+00
1.238341781719662915e+00 -3.665281964257986580e+00
1.295897417853200562e+00 -3.620442080135673368e+00
1.352680886765131651e+00 -3.575871617802803382e+00
1.385997894253360174e+00 -3.474561250262214962e+00
1.441763774060236925e+00 -3.434290731085466675e+00
1.488136477280486147e+00 -3.374102761812102891e+00
1.545478482825476840e+00 -3.340728290293110803e+00
1.575780021600420744e+00 -3.252058867574783019e+00
1.601951689190907357e+00 -3.160517540919042467e+00
1.647786072971095583e+00 -3.111449019223910373e+00
1.693087494445220775e+00 -3.063038978168517446e+00
1.750832530445364910e+00 -3.037685881908248842e+00
1.797013708507107399e+00 -2.992597217550129862e+00
1.853449818906221402e+00 -2.964918825022224702e+00
1.910091462506249727e+00 -2.937132930020443844e+00
1.966967937137749090e+00 -2.909209124875428820e+00
2.019781141379909606e+00 -2.874957957492763505e+00
2.069414497397139563e+00 -2.836206836828926825e+00
2.121138895229162991e+00 -2.800337897680475141e+00
2.171950239485425094e+00 -2.763154408469782997e+00
2.220582450507002648e+00 -2.723175733156819156e+00
2.270671801931611888e+00 -2.684933888135065061e+00
2.319721852023206132e+00 -2.645335959327174802e+00
2.378219348099900099e+00 -2.615993304884651316e+00
2.422904132739266192e+00 -2.571071887692077951e+00
2.467399630480178185e+00 -2.526061596938581566e+00
2.524692524205840005e+00 -2.493747610973647166e+00
2.571529719686583615e+00 -2.450576325361665475e+00
2.613269477328957091e+00 -2.402518010619837163e+00
2.657529843158257243e+00 -2.356781159821424776e+00
2.711511729497588785e+00 -2.319228905262654017e+00
2.756618952380775145e+00 -2.273585544228687194e+00
2.793293817729150863e+00 -2.220974069066769641e+00
2.834543410939575292e+00 -2.172050294134250326e+00
2.879940080050392925e+00 -2.126055099836431594e+00
2.925514118403951702e+00 -2.079781388212731397e+00
2.959858785988667140e+00 -2.025375100872769618e+00
3.004031157475833158e+00 -1.977540450023642427e+00
3.041490710685237353e+00 -1.925008005831657654e+00
3.089210289487131611e+00 -1.878565550394083461e+00
3.165348303640195482e+00 -1.848024245400073928e+00
3.206743155352605346e+00 -1.795957255316034784e+00
3.251437056124431013e+00 -1.745227037283681781e+00
3.257327820732685453e+00 -1.673936150946734092e+00
3.281068021062246487e+00 -1.612509103738940741e+00
3.340062000679671517e+00 -1.567859586824325469e+00
3.375193072305464170e+00 -1.511174482548581333e+00
3.438320791260191633e+00 -1.466080368635310771e+00
3.527864390184842325e+00 -1.430133751943490683e+00
3.572095843405427740e+00 -1.374089859254332247e+00
3.571086443933039867e+00 -1.300760265063954035e+00
3.627324723269901519e+00 -1.248115626632845920e+00
3.654466723951258267e+00 -1.184681112721615470e+00
3.667947380108088851e+00 -1.116852518555689011e+00
3.658571950938934059e+00 -1.042765088864914702e+00
3.668809235508084132e+00 -9.749766767723031524e-01
3.633359415798221193e+00 -8.961965282280329737e-01
3.618776980091207740e+00 -8.241264252597920725e-01
3.620602978748222789e+00 -7.565912358344347721e-01
3.619441131950475565e+00 -6.889259369206321981e-01
3.645419031345834782e+00 -6.264257068007950124e-01
3.650321380387525405e+00 -5.601470952439129292e-01
3.662051071963124294e+00 -4.949795436794224290e-01
3.670973405645787224e+00 -4.293792058308172344e-01
3.677459627040652546e+00 -3.634934034887220000e-01
3.697991251041651495e+00 -2.987431987118193688e-01
3.688777348477209728e+00 -2.315781532702675116e-01
3.705021288408520963e+00 -1.660346414351573652e-01
3.700138723758315873e+00 -9.944691744088920982e-02
3.700109026683097380e+00 -3.314161448617508610e-02
3.734313866562863016e+00 3.344798481437022408e-02
3.734321444480258378e+00 1.003656306187814401e-01
3.713936738725296394e+00 1.664341731736701802e-01
3.722850596262959666e+00 2.337172413888317368e-01
3.722915208116899688e+00 3.007566871588578383e-01
3.705777966804541634e+00 3.662924905612877091e-01
3.711397976106798779e+00 4.341075075760470470e-01
3.690598478547068240e+00 4.988381414997370977e-01
3.682594049346504583e+00 5.650993829713112371e-01
3.675503610186130476e+00 6.315954152490677043e-01
3.660592659915687719e+00 6.967587359428056848e-01
3.631616868284362809e+00 7.588927895657912037e-01
3.631064844429789051e+00 8.269248164751531460e-01
3.616700474445207814e+00 8.920874699995524626e-01
3.588596428176108244e+00 9.536603282496823875e-01
3.578739776236099068e+00 1.020011346184820367e+00
3.554660437377487714e+00 1.082357801430163802e+00
3.534962546125942406e+00 1.145941030226651947e+00
3.501143151445003543e+00 1.204698176141739463e+00
3.491219065964110246e+00 1.271668750935720293e+00
3.457485531173296600e+00 1.330002333412919846e+00
3.447402377312105859e+00 1.397515876755670350e+00
3.409137829452119295e+00 1.453636920218805750e+00
3.375193072305459285e+00 1.511174482548582443e+00
3.337242327841023926e+00 1.566536003282799294e+00
3.322053971183142718e+00 1.632652001500001004e+00
3.286703573769170994e+00 1.689032308802286275e+00
3.260016855393633950e+00 1.749832292560231206e+00
3.269066557207137347e+00 1.830861879825735894e+00
3.282468588324233494e+00 1.916402542181934177e+00
3.281343136293524587e+00 1.995402577752803053e+00
3.283309328409294903e+00 2.078058867845661961e+00
3.234385603048911317e+00 2.129181764671758792e+00
3.241021101046394293e+00 2.217769128222105923e+00
3.185688035428448917e+00 2.264741996306178340e+00
3.129482202634099153e+00 2.310274315374355236e+00
3.044521096722746734e+00 2.332951726233253975e+00
2.948217711323123602e+00 2.344155507470126132e+00
2.859826084090184128e+00 2.358708024618356713e+00
2.779183264829015343e+00 2.377110189380585936e+00
2.733111535374253442e+00 2.423809384810386991e+00
2.690053413010047745e+00 2.473109578003333642e+00
2.638095968512299105e+00 2.514011592001445639e+00
2.592195864206273459e+00 2.560423569033839275e+00
2.535820846091593861e+00 2.596109514202078472e+00
2.492402758696022680e+00 2.644820560211216698e+00
2.446068720492397652e+00 2.690626245728065857e+00
2.394940912040315784e+00 2.731113348593267265e+00
2.342699261923343990e+00 2.770102060850993198e+00
2.286070944053661957e+00 2.803486498643839031e+00
2.236532932718333644e+00 2.845316490396508691e+00
2.176629494978530310e+00 2.873596857663097026e+00
2.121749707453308709e+00 2.907934120442181136e+00
2.061182200631086925e+00 2.933888255585107352e+00
2.004721951169252669e+00 2.965048531328061454e+00
1.952757938339591881e+00 3.002740841284340156e+00
1.898424756221512855e+00 3.036864143929755677e+00
1.831445715799850493e+00 3.049937419648274695e+00
1.784194752216038182e+00 3.095569173599255652e+00
1.718312249820286297e+00 3.108674191459079861e+00
1.666984195461193918e+00 3.147700071695219481e+00
1.605722994326824082e+00 3.167958012510447841e+00
1.545717224972855908e+00 3.190015953578783314e+00
1.487632004092857008e+00 3.215686518347772971e+00
1.429550102285918722e+00 3.241267868849215805e+00
1.369952848798219103e+00 3.263236637859434630e+00
1.304407978128936829e+00 3.270023305324881058e+00
1.248297171812870143e+00 3.299928660886157328e+00
1.189773909292646037e+00 3.323957180334917272e+00
1.122927689866527023e+00 3.323675797418438993e+00
1.067398511610258893e+00 3.356419925798621140e+00
9.999549144482096086e-01 3.351037647753876136e+00
9.392772605964330168e-01 3.366648064924438799e+00
8.774249148521852115e-01 3.377555700078681333e+00
8.154153338571845655e-01 3.387045737455997241e+00
7.546455096901163451e-01 3.401248964480569459e+00
6.929242189661425355e-01 3.410895124980702686e+00
6.315447226322110641e-01 3.421833682393456755e+00
5.744390870709022989e-01 3.458419264697304651e+00
5.140473167184258507e-01 3.479315579478738929e+00
4.495349320489617773e-01 3.471693561743367518e+00
3.878308574319048185e-01 3.484170182586113995e+00
3.247049078003044764e-01 3.483543964788927916e+00
2.668614159818698539e-01 3.550092987806793499e+00
2.004132752493985037e-01 3.505078912853433426e+00
1.368394445326724107e-01 3.488800525624150772e+00
7.393162615213313971e-02 3.472234519799869190e+00
1.168199623963046309e-02 3.460666102756454698e+00
-5.064508533413675934e-02 3.483451256302887877e+00
-1.123426922524835697e-01 3.460689432910665442e+00
-1.734536975872381093e-01 3.441054889233678971e+00
-2.350708915103057739e-01 3.437504012755567384e+00
-2.953967260873440748e-01 3.418732597292195141e+00
-3.563617360588635097e-01 3.410735760982487097e+00
-4.162405184029590588e-01 3.394357264545779795e+00
-4.765763064769835133e-01 3.383526963780624452e+00
-5.372825556508272760e-01 3.375550395679985716e+00
-5.980457028030925493e-01 3.367553081341583709e+00
-6.564868581912880474e-01 3.347204720216829354e+00
-7.148899062771784108e-01 3.328166494374044770e+00
-7.772674611000610634e-01 3.327141139536879955e+00
-8.358650068010735623e-01 3.309220815817431660e+00
-8.961624265599891226e-01 3.297969392583131487e+00
-9.508446064106751416e-01 3.266790832525749977e+00
-1.007889228914031321e+00 3.244988278831614892e+00
-1.064800917649762813e+00 3.223228823367159546e+00
-1.122997471828920180e+00 3.205441221598752222e+00
-1.179660592461439839e+00 3.183262640674944688e+00
-1.238225576686414309e+00 3.166055842829586187e+00
-1.294935933916749216e+00 3.143847248490120982e+00
-1.348794951818172994e+00 3.114957784333102886e+00
-1.405041375053873276e+00 3.091764209376062666e+00
-1.461362001864691340e+00 3.068546867864878624e+00
-1.511145185509581879e+00 3.031951468689969342e+00
-1.567986833737224250e+00 3.009722363991249150e+00
-1.625037810478185296e+00 2.987387124052012233e+00
-1.675469447939465617e+00 2.952831325519818417e+00
-1.726931842903067338e+00 2.920382257060095021e+00
-1.784399512972757007e+00 2.897804197228578627e+00
-1.831097508944336871e+00 2.857694228718100860e+00
-1.886282059058455918e+00 2.830874814642141413e+00
-1.932722004644647162e+00 2.790906825809306824e+00
-1.983620167753502361e+00 2.757530231484986327e+00
-2.031236200310809537e+00 2.719601916838824351e+00
-2.083454816832687406e+00 2.687721855126909087e+00
-2.126820184587726814e+00 2.644445375108119389e+00
-2.173039881044766197e+00 2.604956605768022460e+00
-2.218784088698419144e+00 2.564957375774155501e+00
-2.273707415746199612e+00 2.535210371334509105e+00
-2.307857998675444833e+00 2.482355759147312657e+00
-2.354523610176337378e+00 2.443285966058089898e+00
-2.397711705085816991e+00 2.400519200112589679e+00
-2.469298009429317098e+00 2.385170060672151759e+00
-2.527480269774088573e+00 2.355330689171056591e+00
-2.567987744785530158e+00 2.308531807028839200e+00
-2.611678697176412101e+00 2.264548390461205152e+00
-2.663404943357974286e+00 2.227087987942049541e+00
-2.680155473340723571e+00 2.160710321019884361e+00
-2.720448969372989190e+00 2.113925182404208680e+00
-2.748031177777750855e+00 2.057483748606881324e+00
-2.780399638518254335e+00 2.005012691449222118e+00
-2.828100652682289606e+00 1.963379582703165038e+00
-2.876863738589678920e+00 1.921790697640866519e+00
-2.907671684483586816e+00 1.867924335117360446e+00
-2.953960330304514770e+00 1.823750107833529865e+00
-3.000561519853723880e+00 1.779087297968207970e+00
-3.035172482296417673e+00 1.726889211298699101e+00
-3.089121251524227230e+00 1.685065345821215921e+00
-3.128516094396392777e+00 1.634532825052745997e+00
-3.181696971551803088e+00 1.590430262249205917e+00
-3.210208302295094906e+00 1.533437963015699346e+00
-3.268064132317133996e+00 1.489776881186323010e+00
-3.271904177200313235e+00 1.421302702528451700e+00
-3.297577227623327722e+00 1.362772354343364078e+00
-3.339379240865769649e+00 1.310518918393036580e+00
-3.353229933887130532e+00 1.247112300122985129e+00
-3.371087706733272515e+00 1.185461156324338905e+00
-3.372851606435412819e+00 1.118608562117736849e+00
-3.418159566793177895e+00 1.066063494930074240e+00
-3.408522167344948173e+00 9.964255864138569230e-01
-3.450063484501430189e+00 9.418280200817212844e-01
-3.482967269483761008e+00 8.840882051094280936e-01
-3.471215166101052851e+00 8.152101538468712327e-01
-3.504672165996431055e+00 7.570948588929320433e-01
-3.517754554056368388e+00 6.942126602919457268e-01
-3.533027457977669261e+00 6.316980968574160693e-01
-3.519447529818183540e+00 5.644101615257093307e-01
-3.546406470818865397e+00 5.037513122181042080e-01
-3.545097696865434855e+00 4.389369318386689423e-01
-3.548212491121751189e+00 3.749236646349463631e-01
-3.552894357438614481e+00 3.111781544526127097e-01
-3.589345363837350700e+00 2.496747462228304237e-01
-3.608985940372405832e+00 1.861529126287947977e-01
-3.609171130652869319e+00 1.213909223526239978e-01
-3.663497888811056313e+00 5.755082371304039157e-02
-3.765173191858790069e+00 -5.914806700872825285e-02
