0.000000000000000000e+00 1.350938459954500786e+03
1.000000000000000000e+00 -8.223734085517936165e+00
2.000000000000000000e+00 -4.709702940445802710e+01
3.000000000000000000e+00 -9.748368455964032009e+00
4.000000000000000000e+00 5.293259665306092820e+00
5.000000000000000000e+00 -3.846011031009376779e+01
6.000000000000000000e+00 5.744795422402418694e+00
7.000000000000000000e+00 5.133439878891708474e+01
8.000000000000000000e+00 1.768206569718087984e+00
9.000000000000000000e+00 -1.486937327456069902e+01
