0.000000000000000000e+00 1.246894317022247606e+03
1.000000000000000000e+00 -3.621368418764421282e+00
2.000000000000000000e+00 -7.037142155535734744e+00
3.000000000000000000e+00 1.172486459190081654e+00
4.000000000000000000e+00 3.433879218595721206e+00
5.000000000000000000e+00 -6.996878461142930661e+00
6.000000000000000000e+00 -5.027112442994050578e-01
7.000000000000000000e+00 7.233895739587252294e+00
8.000000000000000000e+00 -1.931443726263738725e+00
9.000000000000000000e+00 -2.758522888931478345e+00
