0.000000000000000000e+00 1.234787570611639694e+03
1.000000000000000000e+00 6.048803879364448299e-01
2.000000000000000000e+00 -3.572763818083920739e+00
3.000000000000000000e+00 -2.123391941091074819e-01
4.000000000000000000e+00 -1.479713947254360784e-01
5.000000000000000000e+00 -1.000325220172600671e-01
6.000000000000000000e+00 -4.846186350700555645e-02
7.000000000000000000e+00 -9.711700523096825077e-02
8.000000000000000000e+00 -2.788582234671142523e-01
9.000000000000000000e+00 -9.671463184317947992e-02
