0.000000000000000000e+00 1.333622570405874285e+03
1.000000000000000000e+00 -1.224677699074316273e+01
2.000000000000000000e+00 -3.932632005306295753e+01
3.000000000000000000e+00 -1.946034656032445298e+00
4.000000000000000000e+00 8.283412322373401082e+00
5.000000000000000000e+00 -3.655264493209053001e+01
6.000000000000000000e+00 1.018742708596488633e+00
7.000000000000000000e+00 4.218767461268217289e+01
8.000000000000000000e+00 4.818119290349242023e-01
9.000000000000000000e+00 -9.465484796659378475e+00
