0.000000000000000000e+00 1.294931777887172984e+03
1.000000000000000000e+00 -8.538023423413008572e+00
2.000000000000000000e+00 -1.914167114849185225e+01
3.000000000000000000e+00 -6.374518738661731021e+00
4.000000000000000000e+00 5.617278659825782228e+00
5.000000000000000000e+00 -2.183117056853644300e+01
6.000000000000000000e+00 -2.395164818278405328e+00
7.000000000000000000e+00 2.297664091173403023e+01
8.000000000000000000e+00 4.360694154118490928e+00
9.000000000000000000e+00 -2.547813477801867066e+00
